512 16
5673785.0
106450.0
3101953.0
3295692.0
2859247.0
1571202.0
6052747.0
1038952.0
4496448.0
1096435.0
2441963.0
1984228.0
2524994.0
5626947.0
4545415.0
3406400.0
1408299.0
682062.0
329251.0
94240.0
1074925.0
369303.0
1455419.0
154907.0
997177.0
1076692.0
1633886.0
292733.0
1463665.0
1142071.0
94829.0
752742.0
992256.0
297312.0
638856.0
440496.0
804384.0
1259928.0
227544.0
16872.0
1114464.0
814416.0
969456.0
699048.0
771552.0
68400.0
247608.0
427728.0
542717.0
257603.0
4961984.0
575230.0
855342.0
5827330.0
6440075.0
5667266.0
6442576.0
6755201.0
2746098.0
332633.0
4549319.0
2118347.0
602741.0
6872748.0
711462.0
3058281.0
95532.0
2672382.0
1651698.0
1313565.0
3613875.0
838419.0
2735232.0
2163297.0
3172668.0
1781169.0
2674896.0
1146384.0
742887.0
253914.0
1163066.0
307516.0
423196.0
1332730.0
1425274.0
1390570.0
1210784.0
227022.0
1002078.0
609730.0
1321162.0
1190540.0
449706.0
333544.0
872902.0
536948.0
1089452.0
409864.0
86632.0
247520.0
493584.0
587132.0
628628.0
872508.0
143052.0
194012.0
50596.0
1037764.0
888524.0
62972.0
968240.0
111748.0
4391100.0
1473048.0
739476.0
1698876.0
3535020.0
779328.0
3198492.0
3722472.0
3465648.0
794088.0
2233188.0
4213980.0
3574872.0
4354200.0
1517328.0
2507724.0
103292.0
2246601.0
3056228.0
558992.0
22785.0
2404577.0
3587878.0
811146.0
2934708.0
3685094.0
969122.0
4168136.0
2325589.0
1508367.0
4183326.0
2808631.0
139492.0
110596.0
1720.0
352428.0
19952.0
74132.0
346752.0
498112.0
344860.0
109736.0
489168.0
278812.0
252324.0
265568.0
306848.0
344516.0
2372605.0
640866.0
1248463.0
2971447.0
1229202.0
5056888.0
4022047.0
1842052.0
4221661.0
1432318.0
1810534.0
273156.0
3983525.0
194361.0
4715443.0
3782160.0
441570.0
1034430.0
118695.0
1578090.0
1566405.0
1208475.0
1376985.0
636525.0
661740.0
187575.0
979695.0
1094085.0
1037505.0
1569480.0
1064565.0
1583010.0
1643954.0
6399252.0
3419138.0
3244960.0
2457580.0
4948564.0
3187696.0
4776772.0
3521736.0
658536.0
6761924.0
3249732.0
6234618.0
4764842.0
5213410.0
3139976.0
2620266.0
2127411.0
2821236.0
1817343.0
233508.0
1936968.0
1185723.0
1593405.0
13398.0
2134110.0
2759988.0
1483350.0
1729299.0
1846053.0
995280.0
2610696.0
5216684.0
3069164.0
6140565.0
590568.0
4818498.0
5015354.0
3245887.0
2122913.0
4690989.0
3509853.0
2796250.0
3272731.0
3695524.0
3181014.0
6641653.0
4299514.0
3289192.0
5989546.0
4339762.0
4077768.0
1981816.0
7538164.0
5740522.0
4827434.0
6018080.0
6746994.0
4176340.0
7434404.0
6119246.0
2671820.0
1006472.0
1903996.0
3067519.0
6767730.0
2727836.0
5243046.0
6199863.0
1335395.0
1758054.0
4602575.0
5888703.0
2694127.0
1903262.0
2465943.0
6295804.0
4659621.0
4963002.0
508228.0
3812410.0
2672432.0
2077726.0
2510648.0
525798.0
2756320.0
1157954.0
3168270.0
3361512.0
477862.0
260652.0
3503822.0
1788612.0
954226.0
3120334.0
567742.0
1332088.0
1635520.0
2537208.0
1633368.0
1102900.0
2413468.0
296976.0
2339224.0
3170972.0
2868616.0
2706140.0
444388.0
1371900.0
1436460.0
60256.0
146336.0
3300630.0
1839960.0
7935500.0
6157410.0
4691360.0
2577020.0
7690710.0
2665790.0
5014160.0
1342310.0
3540040.0
8016200.0
1043720.0
7445920.0
3510450.0
2200420.0
558035.0
778375.0
1001589.0
47421.0
158549.0
324283.0
1391974.0
1228635.0
1379520.0
1423588.0
725685.0
1363234.0
1414966.0
498639.0
877049.0
1311023.0
709440.0
1588850.0
2139405.0
1185356.0
334028.0
1667923.0
823246.0
133759.0
128586.0
1738867.0
662883.0
1106283.0
2100238.0
1303596.0
2141622.0
1212699.0
325280.0
307230.0
378480.0
153900.0
27550.0
26600.0
248520.0
86450.0
102030.0
256120.0
488870.0
420470.0
267520.0
353590.0
114380.0
424650.0
1690710.0
979118.0
157528.0
323204.0
1454418.0
887453.0
1732808.0
620606.0
301476.0
1954162.0
1346457.0
874552.0
1178065.0
68579.0
22407.0
1099980.0
203523.0
2305836.0
800448.0
3273423.0
3010776.0
1107438.0
1998846.0
3276834.0
2678772.0
2768595.0
375210.0
2110272.0
634446.0
636720.0
1507662.0
1539498.0
2472660.0
1380930.0
1780026.0
2757522.0
802530.0
13014.0
3364842.0
2811024.0
2540622.0
146046.0
203886.0
432354.0
3957702.0
334026.0
4041570.0
203886.0
1119578.0
4859135.0
2361935.0
4555309.0
2172564.0
4205701.0
6066115.0
6113978.0
2753163.0
1462943.0
6143112.0
3113176.0
56187.0
4024654.0
4842487.0
4850811.0
315867.0
271135.0
246448.0
559783.0
585314.0
578562.0
442889.0
487199.0
593332.0
365241.0
500492.0
222605.0
314179.0
72162.0
564636.0
22155.0
5174027.0
4733954.0
3190982.0
1624467.0
2535400.0
1952258.0
4636160.0
1856275.0
1992100.0
5049068.0
5320718.0
282516.0
463616.0
1121009.0
175667.0
4158056.0
6751930.0
3046475.0
7044810.0
7133720.0
2813740.0
3158920.0
3457030.0
4194460.0
4578865.0
2309045.0
2682990.0
7298465.0
54915.0
7442290.0
1087840.0
682515.0
1901520.0
3059760.0
925680.0
2908140.0
1176480.0
1201560.0
1961940.0
2112420.0
3084840.0
688560.0
3269520.0
1365720.0
1491120.0
886920.0
2790720.0
3327660.0
1917088.0
543060.0
2486870.0
867172.0
1282656.0
2298092.0
1625732.0
676670.0
855966.0
994748.0
1276622.0
951648.0
421518.0
2547210.0
698220.0
1775720.0
1542631.0
2013085.0
2108233.0
424642.0
1431625.0
288087.0
1390218.0
183248.0
641368.0
1922342.0
1151467.0
2420107.0
1459817.0
1318857.0
541815.0
1433387.0
723289.0
3006836.0
3207197.0
2130079.0
3499923.0
4147899.0
734657.0
3967432.0
1723673.0
1936823.0
3296720.0
3350718.0
2876104.0
79576.0
3147515.0
3197250.0
7691246.0
7164974.0
1066249.0
3045251.0
5084555.0
3217934.0
5939747.0
482416.0
975796.0
1016911.0
4169061.0
3242603.0
3428991.0
7090967.0
5862999.0
6534544.0
4545981.0
3013068.0
3956850.0
2851863.0
4352535.0
4821495.0
495339.0
2901690.0
495339.0
5680278.0
2532384.0
8499900.0
958437.0
7043193.0
6624060.0
8754897.0
6924690.0
2813700.0
2502450.0
3331620.0
4912770.0
236550.0
525390.0
4023840.0
3010410.0
4803210.0
1185240.0
4255410.0
2587110.0
5505390.0
1135440.0
303780.0
2269540.0
4899635.0
1098435.0
1760850.0
7325695.0
150930.0
7887490.0
1199055.0
178880.0
6137820.0
1249365.0
3373565.0
5615155.0
1201850.0
1481350.0
8169785.0
1369824.0
173481.0
3469620.0
6700422.0
1351800.0
2588697.0
1701015.0
693924.0
5287791.0
1865484.0
1856472.0
3591282.0
110397.0
2629251.0
2311578.0
4895769.0
411981.0
623712.0
597279.0
622110.0
269937.0
315861.0
451230.0
75561.0
377538.0
197580.0
275544.0
633057.0
197313.0
495285.0
476328.0
702210.0
223608.0
2066680.0
3384612.0
4431504.0
4409482.0
3127124.0
4856698.0
3904670.0
3642100.0
4687298.0
4458608.0
4297678.0
4885496.0
55902.0
2203894.0
2828980.0
2037336.0
506520.0
2017638.0
2579500.0
386456.0
447426.0
501830.0
2073918.0
2302790.0
2813062.0
1372294.0
100366.0
75040.0
1260672.0
885472.0
1824410.0
3191916.0
765352.0
5698112.0
1601488.0
1033004.0
1762964.0
4740316.0
1718724.0
3003896.0
2526104.0
1804992.0
4563356.0
4043536.0
6596184.0
4397456.0
2209788.0
3416360.0
1302200.0
700124.0
3453128.0
3388784.0
2405240.0
2307192.0
3016508.0
2229060.0
954436.0
4144060.0
2408304.0
1196492.0
1308328.0
49024.0
3515940.0
3135600.0
1211360.0
4963360.0
1664280.0
4081640.0
4215640.0
2642480.0
7745200.0
6448080.0
7520080.0
1168480.0
750400.0
6340880.0
1377520.0
7171680.0
4539920.0
989456.0
939072.0
1424688.0
1953184.0
3179552.0
1092368.0
3000528.0
2711088.0
2634976.0
3082000.0
318384.0
53600.0
176880.0
185456.0
189744.0
1016256.0
41038.0
6069.0
43928.0
42840.0
28424.0
42772.0
42602.0
49742.0
34612.0
47906.0
43656.0
14144.0
15334.0
11577.0
18105.0
28390.0
1310302.0
982997.0
680578.0
312157.0
350027.0
953783.0
70330.0
207744.0
1395780.0
751449.0
404127.0
562640.0
816369.0
1160445.0
1329778.0
1404436.0
1660710.0
1567980.0
2400864.0
595158.0
3004452.0
3904776.0
2429526.0
2055234.0
3795186.0
2046804.0
1067238.0
2768412.0
3977274.0
3370314.0
4784868.0
3012882.0
4533200.0
3164000.0
6991600.0
5656000.0
6591200.0
6742400.0
6333600.0
1680000.0
2534000.0
6857200.0
6302800.0
2270800.0
7526400.0
756000.0
621600.0
2248400.0
1565872.0
1188044.0
124124.0
187550.0
152086.0
23188.0
1911646.0
1225554.0
1145078.0
610390.0
1970980.0
1894596.0
871596.0
1576784.0
262570.0
115258.0
640334.0
3383182.0
2079825.0
955459.0
6582331.0
4187381.0
4600825.0
6975607.0
5478133.0
168907.0
5500822.0
1308399.0
269747.0
564704.0
3529400.0
7313421.0
3323296.0
5767641.0
3951480.0
7079735.0
2335426.0
4789903.0
1717374.0
4635390.0
1286764.0
6828968.0
5592864.0
4169318.0
3966678.0
5369960.0
253300.0
7348233.0
1949514.0
1262436.0
1026228.0
441294.0
1844976.0
649572.0
189126.0
2234400.0
762888.0
2093952.0
1652658.0
1946322.0
1380540.0
2332554.0
1536150.0
37506.0
31710.0
2496936.0
2342916.0
1322760.0
906.0
2139066.0
2475192.0
995694.0
1231254.0
425820.0
2613810.0
2565792.0
395016.0
1517550.0
2083800.0
2146314.0
2728950.0
4498800.0
3277500.0
1233375.0
4888650.0
1583550.0
4440150.0
3751875.0
4819650.0
2973900.0
3370650.0
3877800.0
2691000.0
1190250.0
3741525.0
3896775.0
6477814.0
7661340.0
4981244.0
7894750.0
3712592.0
1298858.0
3567054.0
705722.0
4091540.0
1922200.0
4962022.0
7043490.0
7916718.0
7633880.0
6494290.0
3984446.0
2948820.0
6864900.0
2751840.0
1093680.0
2187360.0
1911000.0
6779640.0
7855680.0
2243220.0
6473880.0
4598160.0
837900.0
7576380.0
5465460.0
6985440.0
3360420.0
1142960.0
3123672.0
3559504.0
1461984.0
3612256.0
1022384.0
3392456.0
2273360.0
2675280.0
601624.0
2000808.0
3335936.0
2230656.0
3035752.0
1429328.0
3172656.0
282960.0
93120.0
194520.0
46320.0
3240.0
357960.0
24360.0
325320.0
35880.0
359760.0
176640.0
175080.0
156720.0
61440.0
318360.0
50640.0
200026.0
1005956.0
2168243.0
1929377.0
2548875.0
829234.0
992362.0
2481876.0
2869305.0
2643062.0
2703264.0
2336226.0
2343994.0
1433196.0
1064216.0
2375066.0
4250295.0
3297270.0
2780475.0
3202950.0
2126130.0
2340315.0
137550.0
64845.0
1002150.0
5197425.0
3037890.0
1536630.0
3833715.0
2607555.0
5448945.0
3985020.0
3191372.0
356172.0
4662132.0
232132.0
3093912.0
1949200.0
2317776.0
4738328.0
3616652.0
5289420.0
3060244.0
2911396.0
2484344.0
3193144.0
815120.0
2790900.0
5122676.0
2723604.0
5968924.0
4385290.0
5436938.0
1033162.0
1066026.0
772304.0
2744144.0
3816332.0
505284.0
4506476.0
3834818.0
1367964.0
5808712.0
4381182.0
330220.0
449984.0
318844.0
652540.0
941680.0
157684.0
584284.0
139356.0
849408.0
88796.0
437976.0
23384.0
651908.0
775780.0
530564.0
522348.0
358215.0
614727.0
1368231.0
1378251.0
1105206.0
979455.0
670338.0
1079154.0
980958.0
818133.0
822141.0
742482.0
746991.0
888774.0
524046.0
572142.0
35280.0
152096.0
168168.0
92512.0
230888.0
285572.0
442568.0
397292.0
21364.0
546644.0
269108.0
555072.0
146216.0
65856.0
7840.0
538804.0
11470.0
263625.0
391645.0
555.0
59940.0
393495.0
308210.0
522810.0
64010.0
4255.0
157990.0
429755.0
46250.0
226255.0
304510.0
256225.0
3014168.0
1171644.0
3572436.0
763126.0
537902.0
2856032.0
530714.0
1654438.0
1334572.0
2588878.0
3207046.0
327054.0
2289378.0
3075266.0
893708.0
2705084.0
730380.0
170100.0
1130640.0
889560.0
1080240.0
36540.0
1060500.0
65520.0
1240260.0
1239420.0
1257060.0
50400.0
1030260.0
635460.0
182280.0
1221360.0
823176.0
688452.0
655389.0
451140.0
443724.0
281190.0
170568.0
512940.0
280572.0
74778.0
841716.0
499344.0
833373.0
326613.0
185400.0
832755.0
4970856.0
7027416.0
4205916.0
6493212.0
388740.0
3328116.0
2460348.0
852720.0
3691776.0
5773416.0
2766324.0
3588948.0
6618612.0
2788896.0
4042896.0
2212056.0
1255859.0
443729.0
3314432.0
95337.0
677952.0
617925.0
3253228.0
2960155.0
122408.0
597916.0
236577.0
1819642.0
522588.0
3051961.0
3040191.0
1894970.0
147400.0
232870.0
102410.0
139480.0
117590.0
288860.0
14850.0
60610.0
16830.0
94930.0
32890.0
8030.0
73590.0
122320.0
328350.0
58850.0
815842.0
1205812.0
621476.0
236458.0
1842144.0
2476.0
1510360.0
3265844.0
2872160.0
3319078.0
1412558.0
3212610.0
3561726.0
2095934.0
3668194.0
3247274.0
4721691.0
3221829.0
6527274.0
7669155.0
2500641.0
1416246.0
6872190.0
143715.0
3138213.0
350142.0
7507149.0
326625.0
4102410.0
5299164.0
7431372.0
7376499.0
367694.0
524380.0
341318.0
560804.0
736330.0
55578.0
435832.0
85722.0
259050.0
57776.0
338492.0
205356.0
110528.0
384336.0
886422.0
816400.0
7785120.0
2780400.0
1435216.0
3858136.0
1631168.0
1096272.0
105920.0
4792880.0
1729144.0
3410624.0
5266872.0
7025144.0
7337608.0
3564208.0
2698312.0
7072808.0
1701035.0
1619422.0
256760.0
880320.0
1751470.0
1986222.0
2303504.0
1767976.0
2699648.0
1945874.0
1018787.0
961016.0
1195768.0
936257.0
234752.0
2055914.0
626344.0
1323019.0
2829164.0
485682.0
2220071.0
632979.0
2504049.0
1543301.0
3576265.0
530800.0
69004.0
1377426.0
1129277.0
3614748.0
318480.0
648903.0
159192.0
130248.0
1408608.0
1522776.0
122208.0
1706088.0
1460064.0
3872064.0
422904.0
1204392.0
4573152.0
2876712.0
4709832.0
3463632.0
2693400.0
2627472.0
383040.0
488000.0
826560.0
441600.0
572160.0
663040.0
742400.0
270720.0
733760.0
907200.0
573760.0
858560.0
726720.0
624640.0
878080.0
328640.0
565479.0
941708.0
1361843.0
1368656.0
1034062.0
395154.0
2261159.0
1237695.0
1529140.0
1063585.0
1884930.0
1713848.0
945493.0
1478421.0
412565.0
1849351.0
505304.0
102735.0
57075.0
563901.0
120999.0
2206139.0
1209990.0
1229015.0
414745.0
106540.0
2209944.0
956577.0
1725187.0
340928.0
230583.0
1138456.0
115147.0
208033.0
222949.0
254250.0
246001.0
189840.0
161138.0
322615.0
79665.0
305100.0
81812.0
93790.0
11865.0
11639.0
134809.0
200801.0
3388134.0
5023086.0
4967349.0
766806.0
3977595.0
2626395.0
214503.0
489810.0
1785273.0
2634840.0
1156965.0
3330708.0
1219458.0
3149985.0
3703977.0
2141652.0
699906.0
1242969.0
811533.0
756426.0
1100727.0
443211.0
1023483.0
1401225.0
977796.0
1330575.0
1355538.0
1082358.0
783744.0
783744.0
149778.0
636792.0
72695.0
42594.0
81592.0
38006.0
65689.0
8742.0
52979.0
75764.0
1209.0
49414.0
78523.0
17329.0
9920.0
61969.0
3999.0
91853.0
3417634.0
4947407.0
7277612.0
4697272.0
7543545.0
4241763.0
7330272.0
7727855.0
3496624.0
560829.0
6814204.0
5208074.0
1619295.0
6782608.0
6011139.0
52660.0
5281662.0
3040424.0
484592.0
4247996.0
4634888.0
3696968.0
681946.0
3734094.0
4410178.0
5623612.0
1334582.0
5408672.0
410340.0
871484.0
4619256.0
2737554.0
118650.0
491211.0
6464052.0
1279047.0
2100105.0
493584.0
2254350.0
1222095.0
4670064.0
2615046.0
4392423.0
6454560.0
1929249.0
2038407.0
4340217.0
5887413.0
585510.0
3979449.0
308907.0
141330.0
2037171.0
3470661.0
1637409.0
1407243.0
6028734.0
5316027.0
5386692.0
4667928.0
8076.0
4849638.0
3565554.0
3107241.0
1890756.0
2392542.0
281088.0
3192984.0
2356308.0
1543788.0
3157848.0
1730448.0
1653588.0
1651392.0
832284.0
1036512.0
162504.0
769698.0
2740608.0
2402424.0
4879392.0
2724624.0
747936.0
1809738.0
4752510.0
2043468.0
2108022.0
3038490.0
6012426.0
2435244.0
5827668.0
3663996.0
5095314.0
4752510.0
1538166.0
1751862.0
5416218.0
5171972.0
6594642.0
2555770.0
3515128.0
7317308.0
2452532.0
2598576.0
2379510.0
4625566.0
868710.0
6262266.0
3505056.0
2845340.0
7108314.0
1830586.0
314013.0
723786.0
689472.0
954408.0
857451.0
557403.0
1161888.0
1030617.0
1043784.0
693063.0
703437.0
352716.0
729771.0
571767.0
8778.0
835905.0
325285.0
314900.0
442535.0
683065.0
990930.0
570840.0
924600.0
622095.0
999640.0
71020.0
64655.0
651575.0
387930.0
763130.0
857600.0
879040.0
2088515.0
265811.0
3164967.0
4297553.0
4142359.0
2943733.0
1979549.0
1114425.0
181610.0
804037.0
2803398.0
4210050.0
1925066.0
4404868.0
6604.0
3001518.0
824865.0
2183619.0
2751282.0
1643235.0
1586079.0
1969284.0
2449914.0
818370.0
879423.0
2990298.0
3596931.0
896310.0
2360283.0
3808668.0
2209599.0
2122566.0
3298645.0
3128046.0
3450156.0
2673513.0
184915.0
1586690.0
3240188.0
1887326.0
146739.0
720572.0
949628.0
1281282.0
855381.0
2456387.0
3160257.0
267232.0
3615390.0
3235950.0
2630070.0
3955050.0
2025720.0
4531860.0
3823470.0
4590.0
4521150.0
4322250.0
4059090.0
4328370.0
3179340.0
1582020.0
3431790.0
2657610.0
41440.0
69104.0
57344.0
265104.0
163520.0
108416.0
123984.0
294112.0
314720.0
74592.0
288064.0
89824.0
71680.0
306880.0
316400.0
83888.0
2664304.0
152368.0
2709872.0
2964768.0
922752.0
1022432.0
1794240.0
96832.0
2480608.0
3794960.0
3726608.0
3883248.0
2165904.0
3682464.0
929872.0
1233184.0
4949194.0
1203388.0
4335327.0
2199835.0
1008620.0
1749434.0
1627704.0
4710951.0
3535387.0
1446848.0
3391050.0
1019054.0
3316273.0
3924923.0
1794648.0
1415546.0
1886250.0
779250.0
1315500.0
276750.0
1779000.0
1569000.0
471750.0
2019750.0
1801500.0
2166750.0
619500.0
446250.0
1467750.0
373500.0
1848750.0
2105250.0
351568.0
2250276.0
1347276.0
2911272.0
479192.0
1107680.0
2964248.0
1639848.0
3384444.0
220332.0
719992.0
2359840.0
1349684.0
1751820.0
540596.0
2096164.0
3489128.0
208972.0
992030.0
3176844.0
1959406.0
778362.0
753708.0
3178018.0
2079154.0
2081502.0
1177522.0
1152868.0
1444020.0
370984.0
2555798.0
3453908.0
1714921.0
4877392.0
386581.0
1415193.0
2394418.0
3327662.0
1393054.0
4681547.0
660764.0
4204707.0
3898167.0
2884882.0
4357977.0
3273166.0
737399.0
626704.0
3346584.0
4351494.0
1286908.0
2542656.0
1505028.0
481422.0
1467636.0
4661536.0
93480.0
1573580.0
2044096.0
4119352.0
936358.0
3871630.0
3181436.0
3119116.0
701696.0
407552.0
205824.0
529152.0
405760.0
47104.0
483328.0
154112.0
305152.0
105728.0
203008.0
92160.0
487680.0
478720.0
375808.0
160256.0
2892032.0
3103594.0
1739738.0
3220672.0
3524664.0
3105648.0
5486234.0
4013516.0
5888818.0
4902898.0
5139108.0
5934006.0
3224780.0
149942.0
443664.0
4713930.0
6191652.0
4884132.0
2653176.0
6875376.0
1555404.0
2478840.0
2408016.0
7796088.0
4170444.0
1427376.0
5875668.0
5437104.0
1639848.0
3810876.0
5377176.0
3680124.0
30044.0
430976.0
580160.0
2358972.0
1659672.0
312872.0
131572.0
2150736.0
2986788.0
1537424.0
231028.0
737632.0
600880.0
824656.0
529396.0
2023308.0
3769536.0
2494464.0
3513408.0
2501888.0
2626240.0
1707520.0
3016000.0
1327040.0
3060544.0
2949184.0
619904.0
838912.0
3975552.0
387904.0
4979648.0
4593600.0
1662080.0
1080960.0
193920.0
1544320.0
909440.0
77440.0
565120.0
1148160.0
1617920.0
1854720.0
1792640.0
873600.0
1231360.0
1194240.0
544000.0
1169920.0
66861.0
226872.0
469890.0
528057.0
556830.0
116334.0
532404.0
316089.0
95634.0
421659.0
162702.0
275724.0
177606.0
420624.0
413586.0
359766.0
1131350.0
1282820.0
4731100.0
4041070.0
196350.0
2240260.0
4992900.0
1286560.0
2748900.0
344080.0
643280.0
4499220.0
1221110.0
117810.0
4588980.0
4615160.0
1494450.0
4369626.0
4158216.0
586116.0
1293246.0
1164942.0
141426.0
4101354.0
1385100.0
2786238.0
3738312.0
3220722.0
2999106.0
1364688.0
2536920.0
1657746.0
105546.0
79233.0
137837.0
45080.0
83937.0
88641.0
135926.0
86387.0
43218.0
82467.0
3822.0
132741.0
142884.0
112406.0
52871.0
102606.0
289952.0
563584.0
1473152.0
870944.0
732768.0
233376.0
1042304.0
148512.0
1303968.0
1252832.0
443904.0
1218016.0
522240.0
441728.0
1532448.0
292672.0
1744050.0
157795.0
1004150.0
1241220.0
1589275.0
505850.0
287655.0
831255.0
89090.0
1514530.0
1172515.0
1750845.0
2183460.0
861455.0
1093995.0
1598335.0
274804.0
42780.0
82432.0
246560.0
124476.0
15272.0
231932.0
183908.0
157412.0
188600.0
2484.0
151800.0
100372.0
224664.0
242144.0
62836.0
5718349.0
5718349.0
6711549.0
4831918.0
253266.0
2902627.0
913744.0
5293756.0
4566237.0
3352050.0
5991479.0
513981.0
3461302.0
5974098.0
2165176.0
5038007.0
938049.0
921690.0
912114.0
473214.0
257754.0
919296.0
780045.0
620445.0
960792.0
352317.0
290472.0
531867.0
541443.0
43092.0
803985.0
583737.0
6438900.0
2461260.0
5707380.0
4892040.0
3972560.0
807720.0
4475480.0
7586980.0
43180.0
7452360.0
2204720.0
4881880.0
3883660.0
2740660.0
6520180.0
1935480.0
2079170.0
1180356.0
3516330.0
1701032.0
3106386.0
759810.0
3118166.0
2216996.0
3153506.0
2109798.0
766878.0
712690.0
1869486.0
3468032.0
2412544.0
907060.0
306024.0
424204.0
1819972.0
1629018.0
411764.0
1214144.0
1528254.0
984004.0
686688.0
349564.0
1525144.0
1370888.0
640660.0
1717964.0
295450.0
189088.0
13020.0
92008.0
246760.0
32860.0
83700.0
228408.0
196540.0
199144.0
12896.0
204476.0
29760.0
263500.0
93248.0
221216.0
286688.0
121148.0
4584048.0
13643.0
5209677.0
4502190.0
2668181.0
3112553.0
3225595.0
4975797.0
3461424.0
496995.0
5129768.0
3258728.0
5402628.0
5589732.0
3710896.0
1533863.0
3909503.0
3253432.0
3287440.0
3613350.0
3030963.0
673075.0
857285.0
573885.0
529958.0
926718.0
17004.0
1738659.0
2074488.0
647569.0
718419.0
2128334.0
291740.0
1052276.0
4351956.0
2933496.0
869184.0
2460676.0
5426364.0
901376.0
414472.0
820896.0
3211152.0
1197140.0
5102432.0
4959580.0
1289692.0
3798656.0
75371.0
305891.0
288715.0
126447.0
179218.0
279788.0
23278.0
95146.0
269731.0
142832.0
137634.0
164641.0
331881.0
197863.0
297868.0
89383.0
5891860.0
3949270.0
565760.0
5100680.0
4612270.0
2519400.0
6283030.0
530400.0
1352520.0
1239810.0
3175770.0
3697330.0
2117180.0
117130.0
1759160.0
1416610.0
3009619.0
2602316.0
4723609.0
1341704.0
5226748.0
4882107.0
1843.0
2183955.0
3339516.0
1308530.0
4109890.0
433105.0
4931868.0
3136786.0
4572483.0
5024018.0
1984146.0
3390774.0
7101756.0
7570632.0
2801820.0
1732554.0
6635739.0
4494348.0
6492789.0
5326317.0
3082002.0
1889799.0
414555.0
5706564.0
4354257.0
5500716.0
1226120.0
786408.0
413136.0
514608.0
1171760.0
1139144.0
1165720.0
1105320.0
436692.0
1063644.0
539372.0
1400072.0
1207396.0
1793880.0
1195920.0
836540.0
3347325.0
3572100.0
3309660.0
3160215.0
835920.0
2053350.0
1912410.0
2176065.0
636660.0
2534490.0
1383885.0
2308500.0
365715.0
2014470.0
635445.0
782460.0
1976708.0
1875242.0
2636237.0
4088704.0
2371298.0
2671938.0
1978587.0
2747098.0
4338611.0
268697.0
4631735.0
4671194.0
5287506.0
5003777.0
2995126.0
2125149.0
1378564.0
1087370.0
5505041.0
1159247.0
1507574.0
2218972.0
3140472.0
5114325.0
539999.0
2257675.0
4585384.0
1905662.0
4023269.0
226689.0
5352072.0
1409895.0
4135936.0
3413532.0
415440.0
3062716.0
6441628.0
1825628.0
4315960.0
4327500.0
3708956.0
3443536.0
4486752.0
3503544.0
6326228.0
1901792.0
1232472.0
1700996.0
7270555.0
3558525.0
4524211.0
3206859.0
2288620.0
2969624.0
3441303.0
41865.0
2832865.0
6062052.0
7105886.0
2082086.0
1615989.0
7976678.0
1286651.0
167460.0
874984.0
142252.0
818620.0
5577352.0
759572.0
6106100.0
429440.0
4474228.0
1296372.0
6514068.0
123464.0
7676240.0
5319688.0
845460.0
5598824.0
1323212.0
404910.0
102960.0
458865.0
736560.0
123750.0
96030.0
327195.0
358380.0
1349865.0
49005.0
924660.0
1073655.0
885060.0
303435.0
831600.0
1324125.0
542277.0
4478355.0
2209728.0
3154143.0
4007163.0
1819776.0
1543560.0
1756815.0
241689.0
3818280.0
4464138.0
4730199.0
4062000.0
3952326.0
3273972.0
5402460.0
1084580.0
2507344.0
263032.0
580720.0
1708854.0
1583316.0
281820.0
1988112.0
1030778.0
672098.0
917196.0
1512434.0
757498.0
2129876.0
473970.0
1127280.0
2324410.0
3584020.0
1147080.0
816750.0
1154340.0
3146000.0
2964500.0
1811370.0
102850.0
851840.0
2384910.0
1931160.0
703010.0
3217390.0
3365010.0
2491390.0
748176.0
718224.0
109824.0
525408.0
1849536.0
1347840.0
270816.0
1308528.0
142896.0
1407744.0
729456.0
605904.0
1506960.0
536016.0
1669200.0
1525680.0
2045385.0
1633365.0
934893.0
2104245.0
2367153.0
439488.0
763218.0
1592163.0
850527.0
1865862.0
2876292.0
901539.0
934893.0
62784.0
2484873.0
2610441.0
81056.0
41956.0
49742.0
91154.0
36720.0
31144.0
95812.0
95234.0
101014.0
97784.0
73032.0
80444.0
34544.0
19244.0
65960.0
67184.0
921228.0
730801.0
2093700.0
1594203.0
2052823.0
2125604.0
346956.0
2591203.0
2563287.0
2303070.0
1972066.0
2942147.0
702885.0
2319022.0
22931.0
1026910.0
306257.0
451876.0
1038270.0
419226.0
1076797.0
102521.0
1215886.0
986030.0
741155.0
1701718.0
495627.0
783600.0
365680.0
801884.0
507381.0
107092.0
1676296.0
625306.0
1416523.0
1052312.0
977619.0
898960.0
28423.0
887062.0
1292255.0
632577.0
462039.0
1316051.0
1655805.0
894994.0
1454861.0
921434.0
1575848.0
442856.0
1753440.0
1862468.0
2924648.0
2132228.0
2079400.0
2386252.0
642928.0
781180.0
1553368.0
1164464.0
710368.0
2033316.0
1455580.0
2362648.0
1094106.0
321438.0
2263248.0
779766.0
2950740.0
1127568.0
1496664.0
947076.0
119652.0
1182324.0
2962908.0
2859480.0
1480440.0
387348.0
1132638.0
2746926.0
943413.0
579801.0
746535.0
554367.0
689073.0
1048446.0
727695.0
880299.0
1230723.0
220899.0
221370.0
1401225.0
1318329.0
23079.0
19782.0
1085184.0
1232505.0
1670790.0
1166625.0
20130.0
2264625.0
966240.0
1371585.0
2149335.0
196725.0
2311290.0
1979145.0
2358870.0
2033130.0
744810.0
424560.0
1650660.0
1427620.0
1906395.0
3492446.0
3577755.0
4242817.0
4855649.0
3330533.0
818270.0
1601720.0
2750780.0
1507706.0
926212.0
4204515.0
2061344.0
511854.0
1753187.0
2588144.0
504712.0
5307848.0
6951152.0
1423240.0
1559584.0
4197960.0
550160.0
6228768.0
5913024.0
6111560.0
3626272.0
3396640.0
6850688.0
3573648.0
6585176.0
583425.0
264375.0
153450.0
645975.0
399600.0
379350.0
98100.0
249300.0
84600.0
602775.0
129150.0
426600.0
404100.0
347850.0
372375.0
108000.0
2107870.0
1476620.0
2032120.0
2183620.0
1172610.0
662560.0
2676500.0
368650.0
597920.0
275730.0
392890.0
1518030.0
2522980.0
750430.0
1997780.0
1424100.0
82026.0
3316761.0
2689659.0
2566620.0
829521.0
1135134.0
2262330.0
456435.0
3238704.0
288414.0
3650157.0
3914757.0
1549233.0
1611414.0
3206952.0
1701378.0
5554404.0
15596.0
6296328.0
3569256.0
3159304.0
5148908.0
6438920.0
1813592.0
6501304.0
5979952.0
5554404.0
3241740.0
4195324.0
675084.0
3745268.0
3462312.0
1657675.0
1374025.0
2365275.0
1431975.0
3835375.0
3152175.0
3484625.0
28975.0
3059150.0
3161325.0
1903200.0
654225.0
1157475.0
82350.0
1216950.0
4424025.0
2789262.0
759003.0
1643355.0
2547447.0
1461747.0
2612589.0
1247568.0
1245594.0
888300.0
407631.0
789600.0
109557.0
1180452.0
1558473.0
2304645.0
210231.0
5486107.0
2469841.0
4484659.0
79480.0
1070993.0
979591.0
5029097.0
5223823.0
375543.0
5041019.0
1011383.0
5653015.0
2887111.0
4500555.0
4603879.0
478867.0
6371568.0
2024784.0
6571260.0
3845232.0
1994598.0
803412.0
4365360.0
3712878.0
4655610.0
3085938.0
6538752.0
6919560.0
352944.0
4274802.0
427248.0
1669518.0
1827014.0
502537.0
1974098.0
558054.0
524888.0
2109646.0
3605.0
457835.0
104545.0
1031030.0
134106.0
1116108.0
156457.0
1884694.0
398713.0
1447047.0
760338.0
537178.0
1868168.0
2166246.0
235912.0
2545618.0
1015378.0
3619974.0
2214066.0
1764558.0
4391470.0
2948900.0
2493016.0
2657198.0
2320864.0
1193906.0
993008.0
2186144.0
771680.0
49184.0
451984.0
570704.0
256944.0
1256736.0
100064.0
680944.0
736064.0
214544.0
2365920.0
361248.0
38160.0
2334544.0
6938100.0
329115.0
4293320.0
5849945.0
2487635.0
3119180.0
6917345.0
4272565.0
8159680.0
5360720.0
3430505.0
5064220.0
8453215.0
5544550.0
100810.0
501085.0
2420768.0
1010000.0
757904.0
1763864.0
1660440.0
1630544.0
760328.0
1380064.0
800728.0
1199072.0
2293104.0
2143624.0
329664.0
98576.0
671448.0
928392.0
261290.0
54908.0
166632.0
102502.0
63600.0
37630.0
293620.0
215498.0
140132.0
169070.0
310368.0
49926.0
19716.0
86390.0
125822.0
104410.0
4579630.0
5084310.0
1895960.0
1341835.0
2115905.0
2380180.0
4151675.0
2358015.0
4613730.0
1756150.0
1084380.0
3655520.0
306900.0
2796200.0
3275305.0
2709245.0
222775.0
1124515.0
1041390.0
516705.0
1343965.0
828590.0
1468985.0
395675.0
301910.0
1117200.0
352450.0
1680455.0
332500.0
1787520.0
1462335.0
1228920.0
629244.0
6855156.0
4119192.0
5765760.0
1441440.0
6844068.0
4867632.0
5624388.0
870408.0
4357584.0
4133052.0
6325704.0
7024248.0
7764372.0
4166316.0
8002764.0
2953348.0
1377261.0
54733.0
2633886.0
856739.0
260261.0
443449.0
2935476.0
2245170.0
2694204.0
1570502.0
1276731.0
1257742.0
650094.0
189890.0
225634.0
686712.0
4505447.0
2042528.0
2082146.0
3220063.0
2656607.0
2951541.0
871596.0
1873051.0
2768858.0
453406.0
4309558.0
5513505.0
812169.0
5878871.0
1104902.0
104073.0
495279.0
540366.0
670881.0
687492.0
485448.0
543756.0
406122.0
537315.0
236622.0
285099.0
535620.0
440361.0
1356.0
525789.0
337305.0
1509538.0
4634517.0
4141984.0
3963798.0
3071187.0
4342023.0
1388506.0
3508247.0
4076425.0
3854533.0
553049.0
2099569.0
2719858.0
2481156.0
275684.0
25215.0
6062184.0
7262226.0
8439732.0
211275.0
405648.0
4729743.0
5926968.0
4076199.0
3602943.0
2138103.0
4343814.0
7960842.0
2974752.0
202824.0
5690340.0
8000280.0
2249576.0
1202376.0
2113440.0
1401344.0
2498048.0
2445688.0
1110032.0
1990632.0
1469888.0
2269568.0
2589440.0
371280.0
2037280.0
872984.0
1684088.0
856800.0
278755.0
514761.0
262207.0
159964.0
332142.0
345341.0
387302.0
257282.0
479301.0
574846.0
197.0
54372.0
359525.0
62449.0
563223.0
123519.0
447200.0
1339450.0
1651200.0
2399400.0
4886950.0
3854950.0
2921850.0
3753900.0
903000.0
5641600.0
4523600.0
399900.0
610600.0
3891500.0
5734050.0
4237650.0
3181848.0
1658066.0
194598.0
464304.0
3107878.0
1524920.0
603140.0
2334038.0
2641298.0
1287078.0
1800316.0
572414.0
2468322.0
326606.0
3369618.0
2824516.0
4406226.0
1497165.0
360906.0
1643907.0
860622.0
3575349.0
965721.0
5318406.0
4509342.0
2125776.0
515580.0
636543.0
5038803.0
5260899.0
3309627.0
5009058.0
155156.0
5688.0
500860.0
691092.0
240792.0
218040.0
760612.0
378568.0
312208.0
900916.0
473052.0
269864.0
721744.0
521084.0
53404.0
328324.0
3178587.0
1328907.0
629772.0
1365240.0
625368.0
2901135.0
2874711.0
3246849.0
1466532.0
1097697.0
2545512.0
1724166.0
2364948.0
3157668.0
648489.0
699135.0
17280.0
4944.0
31104.0
43680.0
10240.0
24976.0
30384.0
40176.0
26080.0
41104.0
11120.0
28656.0
30208.0
23952.0
8592.0
11392.0
260057.0
4284238.0
6984005.0
4096568.0
5981311.0
2651509.0
5616695.0
5557713.0
3278863.0
3479938.0
965160.0
659526.0
2927652.0
3713185.0
4624725.0
7134141.0
1252608.0
624384.0
666624.0
799488.0
2285568.0
1366272.0
1339392.0
1949952.0
899328.0
81408.0
260352.0
1434624.0
655872.0
2151168.0
2060544.0
1893120.0
1244198.0
2169208.0
550242.0
1711070.0
1017908.0
651874.0
1129068.0
1398234.0
1136214.0
2098542.0
2135066.0
2106482.0
2110452.0
1919892.0
1367268.0
775738.0
1582020.0
1779390.0
2050965.0
1220940.0
384795.0
970785.0
39015.0
1686060.0
1064115.0
894285.0
778770.0
986085.0
2261340.0
1087830.0
1851300.0
211140.0
2984112.0
2611880.0
539580.0
791384.0
4311948.0
1685992.0
3198380.0
4418300.0
1326272.0
2797996.0
2787048.0
4363560.0
164220.0
3855260.0
2965344.0
1352860.0
4613760.0
823680.0
3632640.0
3022080.0
5608320.0
5658240.0
2563200.0
4131840.0
4099200.0
2046720.0
4344960.0
4936320.0
3267840.0
1651200.0
30720.0
3820800.0
5416800.0
5230320.0
7471040.0
3990080.0
4232800.0
3404000.0
3176080.0
1770080.0
778480.0
1642800.0
7586480.0
1036000.0
8211040.0
56240.0
1382320.0
4931360.0
4953520.0
1294670.0
762080.0
60620.0
1959325.0
4210925.0
3364410.0
471970.0
6246025.0
3658850.0
2853470.0
30310.0
3392555.0
49795.0
1164770.0
4806300.0
3151625.0
1035500.0
2531750.0
6828125.0
6493250.0
3854625.0
5821125.0
1714750.0
3111250.0
5816375.0
5939875.0
5493375.0
5217875.0
4854500.0
5904250.0
268375.0
1488960.0
1610784.0
371112.0
1264488.0
671160.0
671160.0
277488.0
1992048.0
15792.0
2197344.0
3360312.0
3372720.0
1168608.0
707256.0
884352.0
903528.0
5459366.0
3052656.0
6262434.0
588584.0
2860618.0
872900.0
2937932.0
1104842.0
3815820.0
3840760.0
7040562.0
6230012.0
3933038.0
1396640.0
516258.0
3873182.0
126546.0
915166.0
2853704.0
4126500.0
139384.0
4381426.0
5340608.0
3609312.0
2563932.0
3134306.0
839972.0
4280556.0
498848.0
4790408.0
315448.0
2494240.0
2603090.0
172330.0
4585792.0
1498364.0
4471510.0
116096.0
1915584.0
2198568.0
638528.0
5296880.0
2896958.0
2158660.0
1476596.0
4808914.0
4963104.0
2376340.0
777088.0
339040.0
1079936.0
460512.0
356096.0
190528.0
670592.0
817440.0
440128.0
589056.0
425984.0
7904.0
319488.0
125632.0
1166048.0
382720.0
10104.0
52752.0
31872.0
18096.0
33696.0
50664.0
42696.0
68376.0
37104.0
2880.0
19104.0
40152.0
1560.0
35136.0
41016.0
9504.0
697715.0
416655.0
209855.0
659645.0
536270.0
355320.0
409135.0
279885.0
108100.0
11515.0
513240.0
26320.0
411485.0
110215.0
599720.0
333230.0
205920.0
92160.0
1551600.0
1082880.0
845280.0
455040.0
1881360.0
1081440.0
1242000.0
380160.0
891360.0
1190880.0
1501920.0
1593360.0
1673280.0
1404720.0
1769202.0
744258.0
1692918.0
597558.0
1969692.0
1878738.0
1933506.0
629832.0
252324.0
396090.0
812718.0
361860.0
721764.0
1748664.0
1464066.0
2170182.0
1542264.0
2227236.0
2408172.0
1740432.0
426492.0
5512086.0
5949348.0
3857814.0
1908444.0
1507800.0
1604730.0
5087748.0
5945040.0
2147538.0
3978438.0
2748504.0
1536358.0
353685.0
1016379.0
2992051.0
1867705.0
2833203.0
2305778.0
2153135.0
1149166.0
2412504.0
3562911.0
1088357.0
2218908.0
2503097.0
2511784.0
744600.0
6850340.0
7357230.0
1465000.0
8007690.0
1447420.0
3258160.0
4617680.0
5511330.0
2786430.0
8699170.0
4456530.0
4690930.0
1535320.0
6501670.0
2469990.0
8242090.0
2888483.0
353912.0
3185208.0
676533.0
2718001.0
2158000.0
143507.0
971100.0
2423434.0
668980.0
2846402.0
2757924.0
2315534.0
861042.0
934414.0
426205.0
833196.0
3124485.0
3059511.0
1412229.0
4009278.0
5071794.0
2723175.0
3986346.0
4169802.0
1244061.0
3577392.0
103194.0
972699.0
3248700.0
3371004.0
3439800.0
1125026.0
683298.0
362964.0
525364.0
936642.0
664622.0
541604.0
1181866.0
1089704.0
613466.0
152250.0
200158.0
1140048.0
295568.0
92162.0
1017436.0
218232.0
243516.0
166740.0
227808.0
52332.0
102060.0
134568.0
236880.0
201348.0
70896.0
146160.0
179928.0
28896.0
22596.0
119448.0
7392.0
715292.0
2432904.0
4943260.0
6633536.0
1116220.0
1890740.0
2113984.0
1503480.0
3439780.0
6316894.0
3423834.0
6726934.0
5123222.0
756296.0
4843028.0
3298544.0
3392960.0
312800.0
1253040.0
1012000.0
4813440.0
364320.0
1322960.0
1865760.0
2741600.0
1845520.0
618240.0
230000.0
5461120.0
4209920.0
2509760.0
414000.0
330064.0
1366566.0
888310.0
942198.0
1918918.0
207974.0
1980384.0
1872608.0
227340.0
1920602.0
263546.0
921990.0
411738.0
1741256.0
1550122.0
1139226.0
386410.0
3793637.0
6464412.0
3820913.0
3059458.0
5850702.0
4827852.0
2927624.0
1418352.0
1038761.0
4802849.0
5341550.0
2386650.0
2823066.0
6318940.0
2834431.0
5297574.0
1640214.0
479562.0
4532514.0
4386966.0
3963384.0
5125902.0
3711474.0
1869732.0
580326.0
1927578.0
3659226.0
3771186.0
4413090.0
5325564.0
4079076.0
1301844.0
3729327.0
1621086.0
1125639.0
1909233.0
2396388.0
6078036.0
775302.0
1878138.0
6094620.0
2240913.0
1670838.0
1212705.0
793959.0
132672.0
1971423.0
1603271.0
2803120.0
2034156.0
255690.0
178983.0
349443.0
138262.0
2796491.0
1936615.0
518956.0
1692289.0
2836265.0
2296475.0
874081.0
1017078.0
2785127.0
7033832.0
7009392.0
4252560.0
1666808.0
2483104.0
7324668.0
51324.0
3961724.0
5860712.0
1876992.0
6740552.0
7156032.0
1412632.0
1200004.0
3098992.0
6615908.0
2288900.0
139825.0
3220675.0
1410000.0
354850.0
1807150.0
1555700.0
1878825.0
3452150.0
2983325.0
3369900.0
219725.0
1626200.0
2877575.0
2397000.0
968200.0
1129980.0
1120309.0
859701.0
874971.0
140484.0
196983.0
1132525.0
598075.0
414835.0
1421128.0
319652.0
1475082.0
488640.0
1042941.0
1399750.0
86021.0
744416.0
753360.0
874448.0
1093232.0
102512.0
1636064.0
910224.0
1301008.0
1364304.0
291712.0
1920208.0
508432.0
1276240.0
1632624.0
477472.0
240112.0
2992050.0
4864125.0
5932325.0
111725.0
7324800.0
7681775.0
6313825.0
27250.0
5580800.0
4992200.0
2738625.0
5005825.0
3684200.0
3223675.0
2049200.0
4937700.0
1290961.0
1392364.0
3558.0
1271985.0
317255.0
739471.0
833165.0
612569.0
554455.0
1427944.0
702112.0
322592.0
1352633.0
902546.0
1640238.0
1196674.0
40404.0
373737.0
1104376.0
1391533.0
46176.0
1197209.0
348244.0
416065.0
326599.0
590668.0
738335.0
919672.0
768157.0
511784.0
965848.0
684944.0
1016478.0
3845334.0
3363246.0
168276.0
5202912.0
3154038.0
1428072.0
3433740.0
996012.0
2872062.0
916422.0
3358698.0
459348.0
2826582.0
6251226.0
4861812.0
714610.0
515476.0
687401.0
707434.0
488566.0
698763.0
622817.0
358800.0
616837.0
560027.0
446407.0
25415.0
269100.0
676637.0
683813.0
710723.0
140679.0
691047.0
153909.0
706482.0
781011.0
968436.0
968436.0
703836.0
825111.0
228879.0
1109997.0
1255527.0
476280.0
609462.0
680463.0
438354.0
146638.0
1314138.0
2455486.0
1839980.0
2569434.0
708906.0
1157226.0
1497202.0
2581576.0
510898.0
2439608.0
568806.0
1622358.0
420300.0
2760904.0
2326594.0
1115808.0
777384.0
583392.0
1207848.0
3540000.0
3007584.0
706584.0
2731464.0
4157376.0
4235256.0
1100232.0
2778192.0
1818144.0
2555880.0
4112064.0
3143520.0
668844.0
1658448.0
2454408.0
1790316.0
1613304.0
2972376.0
2682504.0
178200.0
3461832.0
2610036.0
2801304.0
207900.0
236412.0
317196.0
1969704.0
1714284.0
122364.0
131016.0
143376.0
736965.0
818232.0
44496.0
337119.0
128544.0
824412.0
27192.0
594516.0
245037.0
473697.0
518193.0
925455.0
614910.0
2978416.0
4565088.0
249424.0
3213168.0
1777408.0
4418368.0
3823104.0
3885984.0
830016.0
5405584.0
1779504.0
547056.0
2184032.0
1557328.0
4820800.0
2219664.0
1776450.0
251436.0
6313230.0
3867195.0
6939087.0
6832500.0
2451501.0
4911201.0
1440291.0
3563832.0
1246248.0
5425005.0
3749676.0
3812535.0
5873217.0
5143506.0
462704.0
3163424.0
1916640.0
2071520.0
4204992.0
3895232.0
1391984.0
5058768.0
4801280.0
2776224.0
3502224.0
2191552.0
3297008.0
4185632.0
3173104.0
4648336.0
46094.0
5282.0
36499.0
9234.0
27360.0
39748.0
49267.0
3724.0
2983.0
1254.0
26353.0
7258.0
32376.0
16283.0
20558.0
25194.0
629160.0
240964.0
39804.0
704916.0
645424.0
685228.0
1041324.0
404460.0
544844.0
666396.0
219136.0
353956.0
815768.0
982688.0
424148.0
208864.0
5715456.0
4829248.0
540704.0
3201280.0
1147776.0
2787456.0
5463648.0
4751168.0
4798016.0
4253408.0
2201856.0
1177056.0
1708000.0
4583296.0
1198528.0
4054304.0
252880.0
626968.0
624352.0
937836.0
500528.0
973152.0
841916.0
504452.0
1225596.0
1276608.0
622608.0
594704.0
637432.0
609092.0
310432.0
378448.0
2284038.0
1287300.0
213324.0
3562756.0
1189220.0
1412352.0
2783020.0
3443834.0
2993892.0
1282396.0
985704.0
810386.0
2443418.0
2422576.0
377608.0
1984894.0
6847476.0
1484502.0
1407510.0
2078784.0
4390950.0
2882388.0
1311270.0
5978910.0
5144028.0
6005376.0
6120864.0
2954568.0
481200.0
5690190.0
1802094.0
753078.0
746232.0
194208.0
49368.0
130560.0
1053456.0
1091808.0
1137096.0
959208.0
117912.0
913920.0
1054680.0
162792.0
234600.0
587520.0
1120368.0
442680.0
1261762.0
3866878.0
1486140.0
4030062.0
3397724.0
4280666.0
6404972.0
5049962.0
1614356.0
6623522.0
116560.0
4726508.0
4181590.0
3368584.0
6256358.0
8543848.0
5820969.0
716276.0
5575669.0
3152105.0
3547038.0
5266591.0
1967306.0
6041739.0
1596903.0
5995132.0
2112033.0
4255955.0
5632088.0
6206090.0
299266.0
1641057.0
5517000.0
447000.0
7929000.0
7824000.0
6072000.0
5286000.0
1920000.0
5958000.0
1845000.0
3543000.0
723000.0
2253000.0
4548000.0
1770000.0
5706000.0
5493000.0
20878.0
75634.0
17758.0
34060.0
57278.0
67054.0
52598.0
45682.0
19448.0
2444.0
14040.0
55276.0
38714.0
33722.0
50570.0
65338.0
119310.0
309550.0
384170.0
183270.0
130175.0
267525.0
375765.0
301350.0
122590.0
215250.0
148830.0
528695.0
148830.0
457150.0
594090.0
268960.0
2295444.0
6058932.0
2082684.0
2850984.0
1446768.0
4628712.0
1924296.0
5269356.0
5579040.0
6928884.0
4633440.0
1614612.0
2018856.0
1040160.0
2236344.0
2146512.0
724464.0
1823458.0
1467934.0
2698852.0
2157740.0
3271268.0
131924.0
1751906.0
72670.0
2839720.0
2257242.0
229190.0
105092.0
2917980.0
1665820.0
1200732.0
59425.0
6947971.0
5498001.0
4190651.0
1145714.0
3085346.0
1126698.0
596627.0
3962459.0
1252679.0
1804143.0
6199216.0
3884018.0
6306181.0
3867379.0
4378434.0
4776142.0
2376670.0
3134398.0
1871518.0
3201050.0
2125848.0
2685374.0
2904624.0
4891906.0
347292.0
5116418.0
1266388.0
2411750.0
3683400.0
1929400.0
1797850.0
2561000.0
2792000.0
622000.0
2894000.0
1052000.0
649000.0
2744000.0
683000.0
1930000.0
1500000.0
748000.0
634000.0
234000.0
2946000.0
1646000.0
407000.0
3240590.0
1780228.0
1710744.0
3136364.0
3371172.0
39534.0
2974634.0
2392406.0
1128516.0
3090840.0
1578964.0
2508612.0
3390340.0
796670.0
1401660.0
1525054.0
7428904.0
8544872.0
2887864.0
6903568.0
4475744.0
3846528.0
8583456.0
7604016.0
6146728.0
8049216.0
344288.0
7256760.0
1926232.0
4879392.0
6909504.0
3867304.0
707152.0
1098170.0
821794.0
33582.0
639988.0
734944.0
26248.0
609108.0
497168.0
807126.0
226968.0
155944.0
181420.0
35898.0
868114.0
391790.0
364221.0
3328929.0
2366163.0
6247791.0
6128082.0
3553065.0
2939238.0
1270953.0
2666709.0
4093029.0
837963.0
7569684.0
3593817.0
2992725.0
644391.0
5476050.0
3855954.0
1300146.0
4879086.0
3813492.0
5327970.0
2272728.0
3024912.0
5910306.0
3591072.0
820932.0
1931010.0
5243046.0
4812360.0
2808558.0
5038824.0
5380542.0
1809780.0
2926896.0
2382660.0
3176880.0
342426.0
2622228.0
2964654.0
929628.0
226548.0
233058.0
3240678.0
2338392.0
3111780.0
779898.0
697872.0
1553286.0
1233636.0
3252816.0
1010512.0
5402920.0
4626596.0
212060.0
3960912.0
3343172.0
1401440.0
2334504.0
4464324.0
3970132.0
3252816.0
979164.0
4014388.0
90356.0
1387980.0
2572670.0
706608.0
126180.0
3737732.0
3596130.0
1989438.0
2494158.0
4050378.0
811758.0
1861856.0
3959248.0
2056734.0
302832.0
614076.0
3111038.0
2524632.0
1986622.0
4731276.0
2286944.0
4270354.0
4341018.0
3974850.0
2881164.0
4337806.0
2134374.0
3353328.0
2580842.0
2725382.0
2627416.0
1673452.0
3298724.0
384084.0
402273.0
1094724.0
128592.0
911988.0
1240236.0
435690.0
396774.0
1019430.0
1079496.0
967824.0
658611.0
355743.0
164970.0
59220.0
1238544.0
1086349.0
930006.0
662948.0
1247389.0
1531222.0
1705011.0
1327909.0
595848.0
1784189.0
183854.0
224785.0
1583560.0
605913.0
1107821.0
432124.0
1696288.0
746820.0
2196665.0
1484420.0
3959990.0
4298825.0
1470590.0
2789050.0
2201275.0
1249310.0
1087960.0
3482855.0
4828975.0
2878945.0
4160525.0
1777155.0
6776700.0
2514004.0
2873560.0
353780.0
2784032.0
1335700.0
1803556.0
1926296.0
2174664.0
379772.0
3244668.0
495292.0
2345056.0
524172.0
3381848.0
2141452.0
3735628.0
790638.0
965292.0
1185957.0
1983168.0
1250748.0
1661091.0
883599.0
1843257.0
1729638.0
367149.0
1487376.0
2180358.0
1331502.0
2254539.0
1466718.0
168081.0
1458096.0
102625.0
1990925.0
915415.0
1675661.0
1431003.0
2128853.0
1862028.0
2380079.0
614108.0
1073047.0
1118202.0
473717.0
2016376.0
448266.0
1473695.0
6439235.0
3560908.0
3494638.0
6222753.0
3167706.0
3355471.0
284961.0
2343749.0
2191328.0
6520968.0
5264047.0
2741369.0
5615278.0
4252325.0
6123348.0
5498201.0
1816826.0
1529474.0
985470.0
1679290.0
821532.0
247442.0
1228000.0
738642.0
76750.0
238846.0
1517194.0
1490178.0
699960.0
577160.0
353050.0
1451496.0
2057094.0
2716596.0
2420298.0
515070.0
1144836.0
2087892.0
1499544.0
1916910.0
2886516.0
746586.0
918630.0
459846.0
1496358.0
551178.0
157176.0
1235106.0
4080402.0
5376807.0
2901852.0
6623451.0
6395598.0
4989195.0
6804162.0
4381587.0
4208733.0
6995349.0
2197341.0
4963005.0
6874875.0
2598048.0
3635172.0
4784913.0
148632.0
41272.0
60280.0
132528.0
243936.0
123904.0
192896.0
158312.0
27280.0
126104.0
231704.0
58168.0
79552.0
28248.0
108328.0
226336.0
5727937.0
5038199.0
2847114.0
7335597.0
3402016.0
1070909.0
6036504.0
1939564.0
1034607.0
7462654.0
7488584.0
7636385.0
2289619.0
4371798.0
4392542.0
2642267.0
448536.0
363586.0
1311628.0
1416966.0
4339246.0
4692638.0
42475.0
4891421.0
798530.0
1632739.0
1405073.0
16990.0
866490.0
2489035.0
4201627.0
1520605.0
5399640.0
5897720.0
5306250.0
5611890.0
3684660.0
4578940.0
7411770.0
1669700.0
8238130.0
602790.0
7369320.0
3141300.0
3687490.0
891450.0
8218320.0
5026080.0
1271496.0
4231484.0
3187285.0
3120634.0
2544701.0
1285168.0
3399201.0
493901.0
382816.0
2958279.0
3848668.0
4627972.0
2337912.0
2175557.0
4274209.0
522954.0
2599920.0
3011712.0
710976.0
187680.0
1148160.0
2753376.0
2596608.0
773904.0
1692432.0
3126528.0
381984.0
3137568.0
1845888.0
930672.0
1130496.0
2921184.0
4688194.0
4636074.0
3163684.0
2660726.0
3103746.0
1308212.0
2600788.0
1610508.0
7614732.0
1136216.0
2770178.0
4143540.0
859980.0
5102548.0
7424494.0
7695518.0
1362270.0
1776440.0
5548880.0
2380230.0
6374725.0
147205.0
5683610.0
2944100.0
7452565.0
1444605.0
87325.0
2135720.0
4658165.0
1042910.0
3393200.0
1798895.0
638802.0
327888.0
4140.0
430560.0
619344.0
268272.0
752238.0
667368.0
469476.0
404064.0
894240.0
227286.0
579186.0
654120.0
801090.0
356868.0
2902245.0
8523375.0
8420235.0
816525.0
8488995.0
5704215.0
2750400.0
3781800.0
1166055.0
604515.0
8219685.0
8494725.0
4982235.0
6589500.0
5446365.0
6959085.0
76440.0
235704.0
159096.0
124908.0
174720.0
154056.0
168168.0
63588.0
107688.0
205716.0
229404.0
165732.0
37884.0
196140.0
13776.0
164472.0
3408736.0
1453895.0
7905734.0
1995147.0
2726413.0
4756108.0
325327.0
8208029.0
748540.0
6852020.0
561405.0
3189932.0
7822243.0
8513203.0
3187053.0
3152505.0
843904.0
245632.0
3122688.0
3401152.0
740544.0
680960.0
1455552.0
2957312.0
2549952.0
1445824.0
1757120.0
2501312.0
927808.0
1482304.0
62016.0
3198080.0
204742.0
1033518.0
725792.0
85820.0
255008.0
822646.0
95628.0
1592574.0
55170.0
2149178.0
1462618.0
2004510.0
2241128.0
1864746.0
1447906.0
2581956.0
157357.0
8452743.0
911483.0
3417319.0
7701586.0
2983845.0
6142861.0
7366089.0
8378518.0
2446456.0
5819240.0
991646.0
8535875.0
5115587.0
457226.0
2259409.0
3918660.0
786624.0
1042566.0
1524084.0
3049614.0
4089288.0
3949026.0
2015724.0
2857296.0
1292724.0
1648440.0
3591864.0
3628014.0
5784.0
429462.0
1817622.0
8119020.0
7777770.0
3000270.0
6816810.0
625170.0
521430.0
5937750.0
3723720.0
3884790.0
79170.0
1405950.0
1354080.0
60060.0
6674850.0
1231230.0
5708430.0
5148561.0
6100149.0
2892945.0
2346663.0
6408534.0
6928383.0
2428899.0
8664150.0
6743352.0
4625775.0
6220566.0
2687355.0
1042635.0
825297.0
1201233.0
7081107.0
4377464.0
4942686.0
3717752.0
2937780.0
1838260.0
2954960.0
3145658.0
3047732.0
4437594.0
536016.0
176954.0
1544482.0
249110.0
927720.0
3234994.0
865872.0
4885104.0
846300.0
992124.0
7262556.0
7377132.0
7030800.0
1426992.0
88536.0
2294124.0
5879832.0
4346076.0
6491772.0
3549252.0
6765192.0
6817272.0
6377196.0
2059395.0
323674.0
1290861.0
1290861.0
897390.0
832962.0
62127.0
2087007.0
2179814.0
372762.0
1161238.0
1897558.0
398073.0
2014909.0
1385202.0
2297932.0
4628555.0
4128236.0
5278728.0
6047334.0
1447783.0
1699151.0
6690256.0
6830442.0
6571823.0
6400216.0
6837693.0
2334822.0
4565713.0
5464837.0
4988688.0
1740240.0
5223024.0
504972.0
8853444.0
2689200.0
6086556.0
1825668.0
6215040.0
1491012.0
2067696.0
7535736.0
1981044.0
7867404.0
8692092.0
2841588.0
4275828.0
6797700.0
1084740.0
2868654.0
2240364.0
1937496.0
2120076.0
433896.0
451080.0
97734.0
718506.0
720654.0
1942866.0
1703364.0
979488.0
30072.0
195468.0
519816.0
758472.0
479622.0
714870.0
1910376.0
1729884.0
742248.0
302172.0
1483482.0
2548182.0
1112358.0
1616316.0
1287780.0
403572.0
946062.0
2332200.0
2914236.0
5013674.0
3230782.0
6438852.0
4119389.0
8045726.0
2106538.0
7639749.0
5720585.0
4613375.0
4616214.0
2194547.0
5394100.0
6893092.0
1240643.0
3250655.0
5751814.0
4488750.0
5944302.0
1242486.0
325584.0
2099538.0
203490.0
4924458.0
3066714.0
2978136.0
6028092.0
6262704.0
7148484.0
1644678.0
916902.0
1050966.0
6348888.0
345763.0
1408637.0
692988.0
1736856.0
619157.0
218569.0
230265.0
1570188.0
314330.0
255850.0
1822383.0
853808.0
1445918.0
664479.0
834071.0
1120623.0
834852.0
3555318.0
1043565.0
4517317.0
3193069.0
2941174.0
5973510.0
2545339.0
5803181.0
3792819.0
6861140.0
3867188.0
2694077.0
6760382.0
223107.0
7014676.0
5578944.0
1432688.0
2779984.0
6449468.0
1838300.0
789876.0
4720280.0
3197456.0
2144288.0
5650104.0
1909460.0
597744.0
2519064.0
4649120.0
716344.0
818340.0
199906.0
2688812.0
12208.0
3349570.0
2429392.0
1768634.0
195328.0
2966544.0
4017958.0
3471650.0
1858668.0
4208708.0
4344522.0
3372460.0
2810892.0
2856672.0
1360544.0
2933673.0
2220888.0
750300.0
6625149.0
6087434.0
1503101.0
1493097.0
827831.0
3896558.0
145058.0
2946178.0
107543.0
6327530.0
4101640.0
3626450.0
3567108.0
1109056.0
238607.0
3575106.0
2174123.0
3796384.0
342581.0
762476.0
749146.0
622511.0
690494.0
3152545.0
3485795.0
3608431.0
2656669.0
3748396.0
2399698.0
519470.0
6188028.0
1363292.0
7011578.0
6862072.0
2189376.0
1038940.0
4163362.0
5258050.0
1375962.0
2713914.0
5529188.0
950250.0
5812996.0
6517448.0
395368.0
714524.0
473916.0
867824.0
531732.0
432452.0
58108.0
284700.0
706056.0
528520.0
368212.0
809716.0
641816.0
231556.0
226592.0
645320.0
936024.0
755424.0
1283808.0
1270392.0
353460.0
627456.0
32508.0
994848.0
456144.0
714660.0
293604.0
841080.0
471624.0
265740.0
6708.0
262128.0
7699182.0
6624510.0
7501632.0
1406556.0
7409442.0
961410.0
2188854.0
5489256.0
308178.0
2389038.0
2491764.0
7757130.0
3413664.0
798102.0
1667322.0
7836150.0
5398644.0
272218.0
511188.0
457160.0
1812016.0
768860.0
4839662.0
683662.0
536124.0
3129468.0
685740.0
939256.0
2501912.0
3975214.0
4540430.0
2950760.0
4982250.0
7226625.0
3134250.0
1186500.0
493500.0
2735250.0
559125.0
5772375.0
4662000.0
4457250.0
4811625.0
2136750.0
4835250.0
6790875.0
1134000.0
4389000.0
3987681.0
3140661.0
2616846.0
4152627.0
3610980.0
4828014.0
5802087.0
4001055.0
3122829.0
4466916.0
2389488.0
5146761.0
3457179.0
2333763.0
3490614.0
40122.0
1774825.0
1039495.0
1637030.0
1022350.0
99695.0
839470.0
1811020.0
165100.0
546735.0
561340.0
421005.0
81280.0
35560.0
812165.0
47625.0
1651000.0
6612222.0
4345908.0
14004.0
1054968.0
6992664.0
858912.0
3475326.0
4443936.0
6306468.0
5384538.0
5074116.0
5162808.0
4574640.0
1640802.0
5582928.0
1608126.0
3385572.0
2960314.0
1558494.0
276830.0
241490.0
445284.0
2047364.0
3476278.0
576042.0
1691608.0
1497238.0
558372.0
2644610.0
1311114.0
778658.0
2868430.0
3167604.0
1110177.0
2385807.0
1806090.0
2803860.0
3723324.0
1817457.0
1947546.0
1064709.0
2437590.0
951039.0
3220650.0
780534.0
685809.0
2387070.0
3714483.0
1137510.0
667062.0
395010.0
230472.0
398574.0
1320462.0
209682.0
748440.0
1487376.0
1629342.0
934362.0
171666.0
1433322.0
1180278.0
870210.0
302346.0
2378448.0
8772768.0
4598532.0
5384376.0
3062700.0
5468040.0
382464.0
8748864.0
5608476.0
3672252.0
394416.0
1789812.0
8802648.0
4090572.0
2967084.0
2181240.0
6007306.0
7876370.0
5931760.0
5372160.0
2887536.0
6723594.0
1135988.0
7364336.0
6373844.0
7946320.0
3729734.0
7319568.0
1558486.0
7929532.0
3144952.0
5288220.0
794620.0
1719700.0
6217605.0
8313860.0
3388995.0
4889285.0
2899770.0
2923490.0
3083600.0
7972885.0
4207335.0
8002535.0
3522420.0
480330.0
6597125.0
8669660.0
4503016.0
5005728.0
7693098.0
4631368.0
3644662.0
5484374.0
2537626.0
2176636.0
7570094.0
4350598.0
3775688.0
3711512.0
1115058.0
3879974.0
4837266.0
4789134.0
404985.0
877401.0
602490.0
127680.0
967575.0
163989.0
18753.0
1133559.0
1117200.0
300447.0
26334.0
410571.0
1153110.0
1148322.0
382242.0
801192.0
1214956.0
1306280.0
1409164.0
1881968.0
1799892.0
1242700.0
2146692.0
67048.0
712096.0
542164.0
3446036.0
121380.0
309808.0
2663424.0
154904.0
2069240.0
133000.0
328440.0
474320.0
190680.0
207200.0
407120.0
36960.0
129640.0
777840.0
759920.0
579600.0
495320.0
773640.0
282520.0
697480.0
766360.0
119416.0
2524020.0
1232156.0
8109432.0
1156164.0
4773926.0
6228630.0
7078112.0
1831950.0
1305434.0
6177064.0
6478318.0
1571406.0
7224668.0
7460786.0
3769746.0
164753.0
2269657.0
4418823.0
2390148.0
2092609.0
5387669.0
1308188.0
4470462.0
19672.0
6135205.0
6437662.0
3395879.0
4487675.0
6430285.0
6602415.0
3722926.0
1330270.0
3807230.0
3204430.0
1094630.0
1902930.0
1197380.0
968590.0
3479800.0
3535970.0
1243960.0
3329100.0
456210.0
406890.0
2553680.0
2798910.0
974070.0
165876.0
1102234.0
3336752.0
1283736.0
2494150.0
695958.0
515658.0
1015690.0
2143166.0
2504968.0
742836.0
3571142.0
2884800.0
1206808.0
278864.0
578162.0
546476.0
948930.0
1946989.0
114410.0
1331194.0
561282.0
1928145.0
399762.0
1934875.0
1831233.0
725494.0
1817100.0
1746435.0
977196.0
584164.0
769912.0
1332954.0
1239531.0
927078.0
56322.0
1329825.0
26820.0
547575.0
137676.0
978036.0
1096938.0
326310.0
407217.0
1239531.0
1181868.0
711624.0
1037487.0
1020112.0
729240.0
194464.0
754784.0
289224.0
76632.0
298700.0
704932.0
451140.0
706992.0
141728.0
1164724.0
314768.0
11948.0
1026704.0
512528.0
4236876.0
108188.0
1495626.0
1692996.0
2871368.0
173978.0
1679838.0
2495634.0
1521942.0
432752.0
3764650.0
3963482.0
461992.0
2517564.0
3697398.0
2443002.0
2285906.0
1229718.0
2371264.0
395836.0
732578.0
800114.0
1097460.0
2016700.0
576870.0
1547700.0
2161152.0
134134.0
1366666.0
140700.0
650972.0
750400.0
6905958.0
7529527.0
4516068.0
1118029.0
2387143.0
7647648.0
7595455.0
653786.0
5504988.0
4235874.0
3966668.0
7482828.0
6614776.0
5834628.0
2587674.0
321399.0
282348.0
2855358.0
5177898.0
3479256.0
2409066.0
1222749.0
5166513.0
5398767.0
812889.0
4296699.0
407583.0
3779820.0
1653102.0
1359369.0
5300856.0
1999206.0
116691.0
2920884.0
3315468.0
2538330.0
3607797.0
396990.0
1092324.0
1830966.0
2221941.0
1420743.0
2768103.0
217743.0
2692314.0
822852.0
1987356.0
1252323.0
6051480.0
227880.0
6930084.0
367140.0
6345192.0
5631168.0
3590376.0
2152200.0
949500.0
782388.0
1792656.0
5605848.0
134196.0
374736.0
6897168.0
982416.0
403902.0
1024290.0
769842.0
18810.0
926820.0
277362.0
829008.0
952470.0
5472.0
408006.0
344394.0
699048.0
957942.0
199728.0
207594.0
541044.0
1467737.0
2659672.0
1839749.0
1853646.0
513120.0
33139.0
1382217.0
264043.0
3103307.0
2678914.0
845579.0
880856.0
1767057.0
1668709.0
1417494.0
2348593.0
3900479.0
5255060.0
6073931.0
5073939.0
1339275.0
5443834.0
3232117.0
6002503.0
1043359.0
1135195.0
420915.0
341834.0
2607122.0
4392822.0
7293309.0
1568865.0
124879.0
1899755.0
6522935.0
3536467.0
1363041.0
6020762.0
6655785.0
3225598.0
5406995.0
472946.0
1126568.0
7583078.0
2784536.0
6669070.0
10628.0
650965.0
6375550.0
3022100.0
91650.0
2944550.0
3835200.0
2307700.0
2185500.0
6347350.0
6034800.0
5238150.0
4067850.0
2422850.0
3214800.0
5073650.0
3785850.0
6587050.0
58240.0
172992.0
133504.0
87744.0
6144.0
188736.0
185600.0
61696.0
74560.0
96256.0
38656.0
93568.0
3200.0
134656.0
86016.0
138240.0
6809656.0
2711920.0
5662688.0
2813928.0
607072.0
2291448.0
3980800.0
5257144.0
5033224.0
1146968.0
928024.0
1875952.0
5702496.0
5341736.0
3174688.0
863336.0
17655.0
1027521.0
1282930.0
540243.0
830962.0
2377540.0
2241008.0
361339.0
3120227.0
3154360.0
769758.0
313082.0
1534808.0
3327379.0
2335168.0
2328106.0
30885.0
243310.0
179800.0
2755.0
37845.0
142825.0
337995.0
182265.0
281300.0
43210.0
381640.0
212860.0
99325.0
22330.0
358730.0
393820.0
700826.0
889544.0
1154458.0
1423802.0
561724.0
2299170.0
823980.0
865622.0
623744.0
1055226.0
87714.0
112522.0
97460.0
1391906.0
2534846.0
326048.0
1324918.0
472276.0
2149280.0
2273712.0
1128372.0
2822344.0
97566.0
2682358.0
1541260.0
1900416.0
3607114.0
2195942.0
3076864.0
1176448.0
2987782.0
2673874.0
3250634.0
3893186.0
2969844.0
2165348.0
2399122.0
1721308.0
3694674.0
3856618.0
2725622.0
3688144.0
643858.0
3646352.0
1377830.0
3150072.0
279484.0
3014248.0
1013208.0
2708408.0
1177512.0
456400.0
2799688.0
3531232.0
2987464.0
978000.0
464224.0
597232.0
3283472.0
1830816.0
2096832.0
2744920.0
757624.0
2360240.0
1569120.0
3196148.0
997512.0
4290796.0
3074728.0
3078464.0
4929652.0
2000628.0
1864264.0
4974484.0
287672.0
2320056.0
4572864.0
3829400.0
369864.0
4595280.0
1151436.0
4006068.0
1139820.0
3431076.0
605484.0
136488.0
1987788.0
15972.0
1858560.0
4152720.0
1942776.0
95832.0
1118040.0
3868128.0
1046892.0
4273236.0
6622780.0
4133698.0
3207986.0
1181760.0
6701564.0
3345858.0
2939628.0
6044210.0
7169344.0
5359774.0
347142.0
7289982.0
5012632.0
4313424.0
5987584.0
5305610.0
1313624.0
2193204.0
1239368.0
213044.0
583440.0
719576.0
1833416.0
2316080.0
637364.0
1310972.0
924664.0
1257048.0
644436.0
2074748.0
1239368.0
1440036.0
835830.0
690250.0
856412.0
1378492.0
415656.0
1311726.0
1411122.0
356420.0
1052192.0
1470860.0
1483410.0
1337328.0
1501984.0
1114440.0
851894.0
159134.0
1256730.0
1051350.0
4907115.0
2806860.0
4691955.0
5026920.0
557460.0
1753065.0
6403455.0
3232290.0
6508590.0
6290985.0
2567250.0
4276305.0
2533020.0
2503680.0
1989470.0
2240700.0
9700.0
1773160.0
179450.0
1164000.0
1030140.0
2613180.0
1850760.0
35890.0
596550.0
135800.0
1776070.0
46560.0
711010.0
2000140.0
3802176.0
1293632.0
213856.0
2310432.0
3095008.0
2057216.0
484128.0
1409088.0
1755456.0
48544.0
3524032.0
1693792.0
589088.0
1869600.0
371296.0
2704032.0
1846325.0
1944995.0
4250285.0
397670.0
2566915.0
3590990.0
2329210.0
617435.0
1924065.0
894010.0
4360915.0
3721055.0
2746315.0
445510.0
3000465.0
1308125.0
125734.0
2291438.0
1860350.0
313052.0
1066173.0
3614211.0
1711522.0
3344781.0
606859.0
2680187.0
3011201.0
867308.0
2844411.0
877572.0
977646.0
3384554.0
2838782.0
4894226.0
54550.0
5060058.0
3811954.0
5708112.0
802976.0
5948132.0
4689118.0
1259014.0
1573222.0
3827228.0
3351552.0
2609672.0
3868686.0
1531764.0
3406692.0
2841414.0
3427350.0
2796342.0
1990680.0
1203798.0
4039578.0
165264.0
4743828.0
92022.0
5558880.0
4738194.0
5104404.0
1357794.0
1575642.0
587814.0
931476.0
6389823.0
6369351.0
5261304.0
3027297.0
6054594.0
6676431.0
7648851.0
7477398.0
4245381.0
6182544.0
4432188.0
5921526.0
2853285.0
7147287.0
1282059.0
940590.0
3881800.0
6240740.0
5574862.0
1842362.0
8844532.0
4774614.0
6169076.0
1540776.0
7530692.0
791290.0
5318066.0
2167836.0
7739712.0
8754952.0
1197386.0
6563134.0
4523241.0
1527774.0
2795197.0
4826507.0
7759032.0
1584994.0
1001350.0
1790986.0
5973768.0
3882377.0
5204159.0
2812363.0
3807991.0
6225536.0
512119.0
3621266.0
128404.0
189874.0
566890.0
3107650.0
483564.0
375650.0
688464.0
3998282.0
3287962.0
714418.0
3962766.0
1762140.0
1912400.0
1811316.0
2210188.0
6521642.0
4534182.0
1987460.0
4744483.0
6831316.0
2186206.0
6216590.0
69330.0
3478055.0
3129094.0
4242996.0
1280294.0
3836260.0
4492584.0
3692978.0
6221212.0
7180580.0
1005840.0
2600960.0
4351020.0
706120.0
2872740.0
5890260.0
7147560.0
7343140.0
6004560.0
2092960.0
1422400.0
1910080.0
1440180.0
6786880.0
528320.0
4781952.0
350463.0
1264869.0
215259.0
1714956.0
982008.0
3223548.0
3157725.0
887721.0
725832.0
343347.0
5304978.0
3237780.0
4266042.0
992682.0
1159908.0
811008.0
1831896.0
1130184.0
1549152.0
1752696.0
844272.0
2273832.0
2299968.0
1213344.0
448272.0
1246608.0
1902384.0
1530144.0
2300760.0
1387584.0
436392.0
6578880.0
2492.0
3598448.0
1435392.0
5709172.0
3942344.0
6307252.0
794948.0
388752.0
5729108.0
2933084.0
565684.0
7406224.0
4228924.0
2285164.0
3167332.0
1801436.0
1830101.0
1631994.0
1170169.0
28028.0
512148.0
167531.0
984802.0
151606.0
968877.0
530621.0
166894.0
1152333.0
821093.0
1238328.0
531895.0
3019148.0
3207554.0
1130436.0
1246736.0
4642696.0
2453930.0
5777784.0
1918950.0
4428704.0
2160854.0
2937738.0
6577928.0
1432816.0
1330472.0
6417434.0
2851676.0
707954.0
836266.0
1671786.0
1962726.0
1742656.0
1894094.0
1791892.0
1850826.0
1835906.0
978006.0
2108942.0
1456938.0
1602408.0
242450.0
881026.0
293178.0
3214380.0
1059414.0
5664156.0
1131690.0
1377048.0
3486366.0
903450.0
184494.0
781722.0
4484916.0
2995650.0
3480660.0
3809706.0
1652838.0
1795488.0
393714.0
2238795.0
7740.0
3409470.0
3343680.0
2238795.0
1137780.0
1727955.0
1267425.0
969435.0
3804210.0
3146310.0
3852585.0
61920.0
369585.0
36765.0
5317380.0
243000.0
1050300.0
778500.0
106650.0
546300.0
1079100.0
537750.0
1225350.0
194850.0
703800.0
53100.0
966600.0
184050.0
877950.0
1344600.0
1211400.0
4138572.0
2452644.0
616338.0
4763382.0
2639028.0
1681692.0
2736456.0
3799692.0
480786.0
1258092.0
2190012.0
1872312.0
580332.0
4517694.0
3534942.0
4303776.0
1030160.0
1956000.0
565936.0
236676.0
67156.0
1415492.0
657868.0
1603268.0
598536.0
157784.0
708724.0
643524.0
1485908.0
900412.0
796744.0
680688.0
2559424.0
1651840.0
800864.0
386976.0
407392.0
938208.0
745184.0
1021728.0
2525088.0
1854144.0
1251872.0
2363616.0
2105632.0
2079648.0
1069056.0
1359520.0
700150.0
3092155.0
396055.0
1163085.0
1005290.0
2855985.0
2903010.0
2529945.0
2773430.0
2007445.0
131670.0
74195.0
1405525.0
1508980.0
2754620.0
1976095.0
1244133.0
897390.0
1402902.0
217710.0
690831.0
35046.0
589410.0
1306260.0
1051380.0
219834.0
442323.0
424800.0
1260594.0
4779.0
335592.0
107793.0
1738932.0
4546698.0
5530616.0
197522.0
1705704.0
1059604.0
825162.0
4854980.0
3156660.0
3188042.0
4399018.0
3212040.0
2543788.0
2276118.0
841776.0
897156.0
257785.0
1422014.0
3454319.0
3492687.0
1856052.0
540749.0
2398000.0
588709.0
1995136.0
737385.0
1507143.0
1833271.0
3406359.0
1610257.0
3109007.0
2630606.0
198912.0
136900.0
154216.0
276464.0
122100.0
408924.0
172716.0
195508.0
217856.0
5920.0
144300.0
267140.0
111148.0
347800.0
376216.0
93388.0
1762800.0
134244.0
150516.0
1650252.0
3307284.0
2810988.0
1852296.0
2275368.0
1769580.0
1209552.0
3255756.0
1724832.0
142380.0
1431936.0
3686964.0
145092.0
1618800.0
3416875.0
2955375.0
853775.0
1682700.0
2016400.0
65675.0
3354750.0
129575.0
1617025.0
2941175.0
2156625.0
2887925.0
4998400.0
3003300.0
3557100.0
12789.0
86246.0
71456.0
7192.0
10759.0
50605.0
81548.0
73602.0
60668.0
78474.0
44254.0
17197.0
43674.0
37584.0
65569.0
9280.0
1195168.0
6946576.0
3150160.0
3063632.0
6643728.0
2685072.0
5180864.0
2587728.0
4123600.0
7571200.0
3745040.0
5248464.0
7665840.0
2885168.0
1719744.0
2506608.0
2546565.0
6506045.0
929040.0
705075.0
7241535.0
2344720.0
478345.0
4316165.0
8126335.0
4479300.0
6688535.0
3920770.0
6882085.0
5140135.0
2765.0
638715.0
1015626.0
326160.0
715287.0
194337.0
832161.0
1127517.0
689013.0
832614.0
293997.0
3171.0
407700.0
868401.0
678594.0
708039.0
457983.0
1202262.0
957600.0
972720.0
89280.0
1967760.0
1005120.0
391680.0
759600.0
225360.0
699120.0
102240.0
1247040.0
101520.0
1008720.0
1627920.0
1512720.0
445680.0
7887797.0
7178979.0
6739629.0
7583181.0
105444.0
4165038.0
8201200.0
1924353.0
67367.0
5368857.0
7135044.0
7123328.0
155237.0
407131.0
7981525.0
4088884.0
487559.0
1615437.0
3003007.0
3223236.0
2170465.0
3684062.0
3274156.0
1371021.0
2139913.0
1910773.0
3448557.0
669598.0
2943176.0
3209233.0
1676541.0
3554216.0
2139465.0
3647088.0
3884362.0
2900608.0
950429.0
1731567.0
3951012.0
2094143.0
2832625.0
3244522.0
2100808.0
2491377.0
3240523.0
353245.0
1106390.0
1073065.0
331868.0
333498.0
197719.0
126651.0
391037.0
293074.0
18419.0
28851.0
198045.0
300572.0
175225.0
82641.0
461453.0
432439.0
37653.0
150286.0
1172875.0
957919.0
985215.0
1415127.0
2183680.0
275519.0
2486495.0
347171.0
270401.0
297697.0
1242821.0
264430.0
1894513.0
2135912.0
1372477.0
1124254.0
1404548.0
814463.0
1612899.0
2213183.0
2262721.0
973276.0
527434.0
1669722.0
587171.0
3996551.0
397761.0
766382.0
448756.0
4062116.0
426901.0
2957710.0
502656.0
8036784.0
1502256.0
7294224.0
4929456.0
5286456.0
1390872.0
3681384.0
768264.0
6940080.0
6937224.0
6100416.0
2153424.0
31416.0
5037984.0
2219112.0
3083229.0
3263643.0
6892740.0
6298299.0
527364.0
6097068.0
5962914.0
4297554.0
3032343.0
1746315.0
210483.0
580563.0
6871923.0
1815705.0
1526580.0
922887.0
2972952.0
2642624.0
1815752.0
2778332.0
874212.0
117824.0
2277580.0
282988.0
2944548.0
347160.0
1606404.0
1874664.0
2847764.0
740608.0
792156.0
2630000.0
3157566.0
2123106.0
7162404.0
1539375.0
5682141.0
6861918.0
3091065.0
3741297.0
5854551.0
5073780.0
842346.0
1495041.0
6007257.0
3509775.0
7172256.0
4630440.0
467864.0
2363416.0
1798164.0
822276.0
1628488.0
1923664.0
1735916.0
1597364.0
1286124.0
1971856.0
1986916.0
141564.0
1039140.0
217868.0
2710800.0
2756984.0
1097751.0
2120205.0
2196823.0
1970932.0
3058115.0
3076609.0
2920731.0
3449131.0
3100387.0
3071325.0
2320997.0
3484798.0
323645.0
3192857.0
2743717.0
3697479.0
693567.0
1155182.0
1890714.0
1553468.0
1202488.0
1486324.0
1579410.0
325801.0
626423.0
54936.0
1938783.0
721035.0
365477.0
466193.0
350217.0
2233301.0
5248320.0
5492256.0
1925616.0
312312.0
4923072.0
4093320.0
5327784.0
96096.0
4544232.0
3492720.0
746592.0
3023328.0
576576.0
2504040.0
3501960.0
4315080.0
433504.0
2575232.0
1973088.0
2835136.0
1476096.0
2654592.0
937440.0
1251904.0
2738912.0
1225120.0
1787584.0
1242976.0
233120.0
2422464.0
1642752.0
848160.0
86779.0
912527.0
1151304.0
799876.0
1611071.0
374066.0
1613766.0
1274735.0
920073.0
1111957.0
1410024.0
84084.0
1348039.0
1507044.0
367059.0
1541540.0
1134336.0
1561400.0
2244196.0
930932.0
806020.0
1208608.0
410184.0
960472.0
1943732.0
223660.0
409340.0
1390068.0
602616.0
1534392.0
2390208.0
329160.0
142272.0
315072.0
529056.0
552960.0
775872.0
190080.0
20160.0
662112.0
832032.0
309024.0
685152.0
272736.0
522720.0
262656.0
465408.0
99936.0
2943784.0
2364379.0
50825.0
1575575.0
1227932.0
4789748.0
3352417.0
3425605.0
3946053.0
4773484.0
2557514.0
4147320.0
1449529.0
1445463.0
5918063.0
2035033.0
283731.0
210099.0
270102.0
505866.0
143193.0
146379.0
526929.0
19824.0
359664.0
203196.0
10443.0
479493.0
214347.0
287979.0
495600.0
492414.0
18906.0
86848.0
75670.0
111136.0
23552.0
60904.0
56948.0
13708.0
84180.0
126684.0
81972.0
12098.0
30682.0
8326.0
51934.0
60444.0
1174240.0
3512880.0
4418160.0
2528880.0
956120.0
2676480.0
2820800.0
3386600.0
4439480.0
2143480.0
2892960.0
2501000.0
2997920.0
4683840.0
3601440.0
1749880.0
6953310.0
958230.0
7037940.0
7327320.0
2626260.0
6210750.0
8168160.0
6849570.0
3726450.0
1897350.0
5973240.0
4580940.0
7283640.0
7185360.0
4460820.0
5937750.0
213677.0
1870014.0
1580121.0
3406583.0
3274566.0
2764191.0
3003727.0
3510019.0
446408.0
1494378.0
3179296.0
3222848.0
1120103.0
1596453.0
2659394.0
1498461.0
18564.0
58968.0
379288.0
33306.0
145418.0
159978.0
130312.0
275548.0
88816.0
8372.0
479024.0
90454.0
29302.0
252434.0
431886.0
166530.0
85140.0
193512.0
174966.0
47124.0
84084.0
63096.0
149556.0
186978.0
44484.0
170412.0
173514.0
134178.0
173184.0
139194.0
39336.0
96624.0
2505405.0
555270.0
2683805.0
1506365.0
3214545.0
1902190.0
2361570.0
265370.0
394710.0
502865.0
2871125.0
2985970.0
1808530.0
334500.0
2960325.0
2517670.0
3768906.0
5339508.0
7782966.0
525330.0
792036.0
2120178.0
915960.0
3747354.0
293646.0
845916.0
16164.0
4690254.0
3860502.0
5827122.0
4135290.0
3319008.0
7632738.0
3754282.0
169088.0
3545564.0
1482162.0
745044.0
6029044.0
4742390.0
1011886.0
5143974.0
1424038.0
1033022.0
6039612.0
1006602.0
5421384.0
7376464.0
1134429.0
3349536.0
6489726.0
6803745.0
4908315.0
3870072.0
1906746.0
7720341.0
2591364.0
3309930.0
5655171.0
475272.0
297045.0
647841.0
1804902.0
7901397.0
58464.0
437088.0
3165408.0
3585792.0
2456880.0
68208.0
1909824.0
432912.0
3155664.0
2896752.0
3209952.0
579072.0
3315744.0
3279552.0
1691280.0
748896.0
1700092.0
500254.0
3207284.0
119598.0
1131680.0
3527498.0
1800400.0
343362.0
2228638.0
291922.0
397374.0
2826628.0
2595148.0
3113406.0
1799114.0
432096.0
4536126.0
2311848.0
3727980.0
4370994.0
2812248.0
5394312.0
97578.0
4776318.0
5146614.0
5329260.0
4703760.0
2819754.0
5887206.0
5872194.0
7140708.0
1686348.0
1347012.0
2242044.0
1997640.0
1239876.0
149544.0
2387124.0
3100248.0
1644984.0
1744308.0
3223008.0
1869300.0
1957464.0
1545660.0
2990880.0
2754288.0
1223136.0
2370156.0
899460.0
2914040.0
2803580.0
2720472.0
1278180.0
244064.0
354524.0
2759396.0
2231292.0
1867300.0
98888.0
677488.0
1252932.0
163060.0
1630600.0
664664.0
986206.0
6007872.0
5641012.0
3772184.0
2732028.0
576186.0
2177422.0
2835612.0
548132.0
4240470.0
2919774.0
3524014.0
1161004.0
919308.0
5671224.0
102712.0
30488.0
48544.0
99382.0
43290.0
56462.0
76183.0
81067.0
15688.0
65490.0
81289.0
21053.0
28490.0
98420.0
102823.0
102749.0
3540160.0
2878720.0
2017600.0
14560.0
2543840.0
544960.0
832000.0
4033120.0
4838080.0
4576000.0
1514240.0
3490240.0
1643200.0
1012960.0
4486560.0
2982720.0
2385891.0
3458817.0
2189349.0
913437.0
670176.0
446247.0
3215556.0
4646124.0
2667816.0
2155518.0
3784239.0
2406834.0
786168.0
1517562.0
1999251.0
1931589.0
787815.0
1037610.0
1516704.0
345870.0
2820762.0
1164429.0
3798165.0
1114470.0
2412123.0
3691842.0
2130303.0
1575630.0
6405.0
3816099.0
2102121.0
1748565.0
1865196.0
1322658.0
148932.0
5233896.0
3875778.0
5063688.0
1315566.0
2868714.0
1891791.0
3326148.0
1155996.0
3033603.0
2088594.0
186165.0
3934287.0
4928940.0
1749640.0
2241000.0
162680.0
2162980.0
526220.0
2358030.0
1007620.0
422470.0
1624310.0
638270.0
1830980.0
1796950.0
2265900.0
2465100.0
1355390.0
2133100.0
969581.0
139107.0
1088890.0
306869.0
21361.0
563722.0
1503606.0
1166519.0
469421.0
786189.0
290197.0
495992.0
1306147.0
667401.0
1168603.0
614780.0
3314432.0
442112.0
4218368.0
4083200.0
2425984.0
1519232.0
3614336.0
3341184.0
2151424.0
2456960.0
880000.0
3128576.0
1441792.0
551936.0
1174272.0
3360896.0
33744.0
1992302.0
830243.0
124431.0
1526916.0
1952231.0
568024.0
2079474.0
1441150.0
1687200.0
59052.0
892810.0
387353.0
1328670.0
510378.0
2078068.0
4186404.0
5365224.0
552240.0
4662180.0
1801152.0
3081924.0
5834628.0
2480832.0
2650752.0
4834224.0
2967228.0
3141396.0
2999088.0
4097196.0
5233536.0
4294728.0
315642.0
400644.0
29946.0
186.0
262632.0
310992.0
28272.0
332382.0
172236.0
129642.0
267282.0
316386.0
253518.0
328662.0
114576.0
434310.0
2871183.0
2723133.0
1561434.0
1373904.0
968247.0
2701419.0
6909.0
2870196.0
324723.0
1160712.0
2594823.0
1003779.0
1138011.0
1002792.0
1199205.0
2192127.0
522900.0
77439.0
574443.0
356568.0
713136.0
500490.0
106074.0
576186.0
306270.0
96861.0
508956.0
65985.0
584403.0
433758.0
578925.0
739032.0
94392.0
90344.0
103776.0
208196.0
152996.0
249228.0
147108.0
182068.0
255300.0
234876.0
254380.0
163668.0
81328.0
45908.0
56120.0
273608.0
2155.0
116370.0
885274.0
549956.0
317647.0
1018884.0
479703.0
485737.0
322388.0
496081.0
316354.0
284891.0
90510.0
352127.0
499960.0
464187.0
2296848.0
2930325.0
1755561.0
2755164.0
1087842.0
709863.0
2000523.0
3438687.0
2738043.0
3785058.0
3615165.0
578163.0
1833264.0
1301196.0
3370203.0
1596204.0
3988400.0
16900.0
1700140.0
3944460.0
4917900.0
1046110.0
1422980.0
483340.0
4659330.0
2156440.0
3849820.0
4796220.0
4292600.0
767260.0
2551900.0
1583530.0
7395.0
3801.0
2907.0
7230.0
7755.0
7362.0
1329.0
4221.0
2001.0
3501.0
8226.0
8835.0
8070.0
6648.0
6264.0
8265.0
4125873.0
2521776.0
3427671.0
3200829.0
2511465.0
3630945.0
2110809.0
3953532.0
997221.0
2072511.0
272505.0
2885607.0
1495095.0
3451239.0
3292155.0
578889.0
3488226.0
1830934.0
1479254.0
4374020.0
1039654.0
3754184.0
5640068.0
323106.0
2039744.0
485758.0
4270714.0
4182794.0
4110260.0
4877362.0
3820124.0
1512224.0
1267528.0
853806.0
911372.0
1198126.0
932892.0
694558.0
1546212.0
462680.0
972704.0
708008.0
1257844.0
3228.0
918904.0
590186.0
307198.0
511638.0
1280363.0
4912866.0
2378768.0
5225745.0
2727151.0
4098493.0
3011183.0
718956.0
1815142.0
2412053.0
3055563.0
1231545.0
2287789.0
3111038.0
2520784.0
1377999.0
1565550.0
664986.0
1711668.0
4308990.0
2558556.0
181902.0
8421168.0
1222620.0
2012850.0
1407504.0
8770062.0
5835774.0
3438246.0
1288224.0
6518652.0
1315062.0
65946.0
1039597.0
9854.0
138714.0
343374.0
1895.0
704940.0
686748.0
1021026.0
558646.0
429786.0
634067.0
349059.0
402877.0
488152.0
612464.0
1881792.0
2296107.0
159489.0
2407482.0
905256.0
1727649.0
1048707.0
1234926.0
1340064.0
1366794.0
739530.0
1796256.0
857142.0
712800.0
2034153.0
635283.0
379200.0
3790420.0
3784100.0
1445700.0
4378180.0
3197920.0
2437940.0
4248620.0
4016360.0
4412940.0
3810960.0
3057300.0
2896140.0
451880.0
183280.0
3343280.0
2606418.0
2210940.0
2631330.0
3355335.0
2847753.0
2503656.0
3224547.0
2727864.0
2509884.0
4115151.0
4547997.0
193068.0
3528162.0
2910033.0
1686231.0
1963377.0
1065600.0
388224.0
304128.0
1178496.0
1154880.0
39744.0
1189440.0
114048.0
220608.0
1069056.0
643968.0
146880.0
356544.0
915264.0
235584.0
1325376.0
3262224.0
1166144.0
829920.0
34048.0
6173328.0
838432.0
1068256.0
272384.0
587328.0
5724320.0
5454064.0
3841040.0
1664096.0
3564400.0
1255520.0
2502528.0
5551750.0
7306050.0
7706200.0
3291300.0
1407150.0
6275200.0
6230150.0
4894550.0
2538700.0
159000.0
7168250.0
1772850.0
4902500.0
2604950.0
6622350.0
5721350.0
1099242.0
326970.0
1557.0
1511847.0
184245.0
1019316.0
47748.0
1162041.0
416238.0
631104.0
3633.0
1348362.0
1358223.0
1397667.0
871920.0
319185.0
1434145.0
5993839.0
6254055.0
3915068.0
7150026.0
6877982.0
6756745.0
2815064.0
2380385.0
5843032.0
5177707.0
2268019.0
2702698.0
2696784.0
2593289.0
7422070.0
3412265.0
705286.0
7501909.0
3635521.0
476956.0
3757297.0
6948843.0
4038904.0
2158987.0
1296407.0
2460890.0
5675269.0
3470616.0
5665121.0
2993660.0
923468.0
1732872.0
1833400.0
107120.0
803400.0
50264.0
527360.0
1943816.0
1961944.0
627888.0
738304.0
927824.0
2240456.0
698752.0
1472488.0
1553240.0
131016.0
1029364.0
6233220.0
1958236.0
3251052.0
1702932.0
7121352.0
5673724.0
6320132.0
1336272.0
7838376.0
385672.0
6374452.0
1300964.0
4695964.0
3452036.0
1534540.0
121086.0
250236.0
192024.0
117936.0
183582.0
86310.0
126.0
47754.0
232722.0
271278.0
372204.0
309582.0
50400.0
43092.0
88326.0
302904.0
950336.0
2298464.0
414656.0
1047552.0
2400640.0
2277632.0
395808.0
2864896.0
2538528.0
426560.0
1358048.0
197408.0
2865888.0
1074336.0
2965088.0
876928.0
1829390.0
967460.0
505690.0
1802550.0
1669570.0
902800.0
779580.0
1115080.0
484340.0
770430.0
739930.0
1529270.0
1364570.0
1133990.0
1753140.0
1534150.0
1841225.0
3478740.0
3593131.0
2392809.0
4356260.0
2270583.0
2964764.0
249153.0
3387854.0
3317339.0
2228274.0
2800229.0
667542.0
2884847.0
2861342.0
1703329.0
554300.0
1268680.0
526700.0
1318820.0
254840.0
1098940.0
310500.0
819720.0
502780.0
90620.0
885500.0
304520.0
1046960.0
271860.0
1313300.0
794420.0
885825.0
3841830.0
530100.0
2039490.0
3636765.0
477090.0
3954825.0
178560.0
2823480.0
3112245.0
2268270.0
2092500.0
3447045.0
2946240.0
839790.0
3025755.0
6655320.0
1206120.0
5446920.0
4206600.0
857280.0
2295960.0
6630240.0
811680.0
6124080.0
1639320.0
1908360.0
6532200.0
1659840.0
1983600.0
3670800.0
5572320.0
611712.0
2522880.0
184032.0
69120.0
1534464.0
590112.0
1927584.0
110592.0
1848960.0
2190240.0
1845504.0
1836000.0
1799712.0
1365120.0
2052864.0
1021248.0
3611841.0
4200960.0
1975764.0
2541909.0
2674830.0
1358748.0
4222293.0
3403434.0
457839.0
2062737.0
2878314.0
4486494.0
4237062.0
4430700.0
467685.0
4289574.0
288192.0
159896.0
179962.0
158316.0
383624.0
109336.0
95590.0
115182.0
324216.0
327534.0
344440.0
449194.0
239528.0
446350.0
471630.0
34602.0
940370.0
905140.0
590780.0
935492.0
1305136.0
1486164.0
572894.0
253656.0
679668.0
555008.0
1130612.0
1024380.0
234686.0
947958.0
1121398.0
1501340.0
1619724.0
2404620.0
541368.0
399456.0
882132.0
333756.0
1052076.0
1682796.0
471288.0
2419512.0
996888.0
2195256.0
212868.0
2147076.0
2292492.0
219000.0
690165.0
67295.0
872644.0
136781.0
852299.0
488906.0
59157.0
219726.0
154622.0
686096.0
710823.0
809105.0
622870.0
239445.0
828198.0
318634.0
241780.0
2950640.0
1661660.0
3395700.0
201740.0
2083620.0
1624700.0
793100.0
4318160.0
944020.0
441980.0
1929620.0
1413720.0
1450680.0
1472240.0
482020.0
1810480.0
187392.0
1324432.0
240096.0
2212592.0
1457168.0
816912.0
1652368.0
204960.0
940864.0
2296528.0
2410720.0
1772416.0
437248.0
472384.0
1877824.0
1417910.0
4366960.0
1644370.0
4863820.0
2472470.0
2484300.0
1193140.0
4317950.0
3361410.0
3865030.0
2524860.0
799370.0
420810.0
929500.0
2496130.0
3707860.0
1641171.0
123039.0
1625547.0
1096284.0
736281.0
1089123.0
774039.0
1163988.0
874944.0
578088.0
1618386.0
1128834.0
825468.0
449190.0
772086.0
1449777.0
3993444.0
3418818.0
2017392.0
3592446.0
778570.0
2060110.0
362414.0
2288858.0
1103778.0
609076.0
1536470.0
796484.0
2071134.0
770302.0
3927300.0
3145974.0
4003101.0
1151064.0
5305932.0
3208788.0
1340280.0
4137129.0
2777139.0
216810.0
5020137.0
1515699.0
4817124.0
3177252.0
4931442.0
5861754.0
5639031.0
305505.0
6872400.0
3501936.0
8309628.0
4789764.0
3158316.0
5518836.0
2587608.0
6543720.0
1753956.0
4245948.0
5503896.0
5076612.0
4580604.0
2115504.0
2668284.0
5399316.0
577619.0
4204529.0
3843757.0
4977886.0
5029699.0
4204529.0
5104540.0
216847.0
3452281.0
80598.0
2882338.0
3220082.0
5451879.0
4118174.0
3195135.0
2916880.0
2809904.0
152256.0
1857328.0
662704.0
1616256.0
2282864.0
1123376.0
897920.0
1398608.0
1462048.0
1186816.0
1984208.0
2363872.0
900848.0
2634224.0
2923120.0
4679505.0
5081130.0
5088015.0
3912975.0
3082185.0
3176280.0
5239485.0
2370735.0
713745.0
1888785.0
6409935.0
5611275.0
5510295.0
4424760.0
151470.0
4034610.0
377208.0
354640.0
446896.0
192200.0
487568.0
251968.0
41912.0
607352.0
7440.0
594456.0
140864.0
126976.0
686216.0
356624.0
297352.0
434744.0
630036.0
101136.0
741492.0
212076.0
101394.0
630552.0
254388.0
142416.0
699954.0
108618.0
334110.0
377712.0
200982.0
602172.0
273222.0
56244.0
109865.0
186921.0
624274.0
447286.0
437654.0
594776.0
873502.0
896980.0
579726.0
80066.0
842499.0
248927.0
636615.0
142674.0
163443.0
254947.0
119784.0
192913.0
28427.0
238917.0
571144.0
463078.0
77469.0
116963.0
100688.0
96999.0
20398.0
232841.0
597835.0
358918.0
71610.0
176638.0
2661910.0
2112540.0
3468840.0
494570.0
2504360.0
3233200.0
635680.0
1782370.0
4073010.0
1169980.0
3461990.0
765830.0
53430.0
91790.0
1891970.0
3878470.0
529542.0
2192190.0
241046.0
1519349.0
1008787.0
137605.0
211627.0
166075.0
242944.0
723138.0
1892306.0
1788865.0
846508.0
2502513.0
8541.0
98696.0
3937260.0
5745530.0
40090.0
3770570.0
5479670.0
5511320.0
396680.0
2683920.0
2901250.0
5631590.0
4890980.0
4827680.0
4604020.0
5783510.0
3523700.0
3019410.0
4489568.0
2635976.0
4769252.0
3171580.0
3836972.0
3515244.0
5012376.0
5014204.0
4191604.0
4096548.0
5025172.0
2557372.0
1875528.0
4955708.0
3400080.0
3895468.0
2120540.0
1890395.0
745395.0
2631210.0
2259085.0
970960.0
2891125.0
634330.0
1749560.0
1210265.0
108775.0
2749145.0
3175085.0
517540.0
2341525.0
1980850.0
6464316.0
3307380.0
6132384.0
5888808.0
4429740.0
3854232.0
4861968.0
6550284.0
2299644.0
6820128.0
4367652.0
6867888.0
1151016.0
3457824.0
5466132.0
140892.0
186912.0
88704.0
84480.0
53856.0
8382.0
40656.0
31218.0
80058.0
112200.0
32802.0
127182.0
43758.0
166254.0
145464.0
72864.0
161832.0
91495.0
1696128.0
386803.0
1600216.0
1115608.0
1584441.0
321179.0
279533.0
1881642.0
1067652.0
765403.0
1140848.0
1781944.0
1355388.0
637310.0
1395772.0
277606.0
499490.0
82077.0
610683.0
495976.0
162397.0
647078.0
405365.0
168421.0
126002.0
46184.0
352906.0
168923.0
160891.0
273339.0
42670.0
7430480.0
310580.0
2994460.0
899510.0
3099940.0
1482580.0
5013230.0
2364510.0
3592180.0
8722610.0
5698850.0
4497550.0
7661950.0
7591630.0
4374490.0
571350.0
48990.0
233661.0
315879.0
267954.0
505023.0
288615.0
24921.0
292023.0
234513.0
451134.0
414072.0
78597.0
429195.0
15123.0
517377.0
280734.0
1298164.0
2063544.0
492030.0
1756398.0
2035712.0
2189782.0
2151016.0
1908480.0
1839894.0
2275266.0
1954204.0
1157016.0
2310056.0
1085448.0
170968.0
137172.0
623040.0
1449630.0
1891245.0
1110675.0
103545.0
2200110.0
1902750.0
719505.0
1021290.0
11505.0
314175.0
2227545.0
1660260.0
673485.0
2208960.0
1881510.0
1764804.0
279497.0
793186.0
430049.0
1665830.0
1877718.0
848946.0
1410728.0
650301.0
1941842.0
1103351.0
1423971.0
73882.0
1489489.0
676787.0
49487.0
5861868.0
4062264.0
6680109.0
3967548.0
2886207.0
2499450.0
252576.0
760359.0
4530582.0
4433235.0
7311549.0
6727467.0
557772.0
3317691.0
1825914.0
476211.0
4637838.0
918252.0
6611858.0
2690434.0
1883082.0
1044678.0
6217054.0
259506.0
2564008.0
5891008.0
3868192.0
3819396.0
1219900.0
567808.0
1703424.0
5635938.0
1407804.0
1095096.0
370182.0
1460952.0
1376904.0
1145154.0
554346.0
1623486.0
420858.0
977058.0
1170492.0
1185942.0
694632.0
680418.0
1197684.0
127926.0
4261415.0
4257074.0
1555525.0
1051969.0
1350051.0
4158678.0
2956221.0
3278902.0
111419.0
1363074.0
1374650.0
2701549.0
2331117.0
276377.0
493427.0
1030264.0
557232.0
702936.0
656448.0
879840.0
769080.0
292032.0
88296.0
681096.0
140712.0
645840.0
895752.0
625560.0
149760.0
221832.0
329784.0
92352.0
1772496.0
2495988.0
2395008.0
40392.0
1288980.0
32076.0
2024352.0
1429164.0
2625480.0
2955744.0
1229580.0
163944.0
938520.0
769824.0
2764476.0
3226608.0
1263724.0
603064.0
138061.0
819049.0
2328403.0
1046892.0
1730421.0
753830.0
1738891.0
1590666.0
1974357.0
924077.0
537845.0
2484251.0
1937089.0
199892.0
