512 16
4615356.0
22136.0
4424433.0
2501368.0
7908086.0
3956810.0
1361364.0
653012.0
899275.0
5113416.0
6917500.0
7816775.0
7537308.0
8104543.0
1009955.0
8259495.0
7220160.0
2036880.0
1824360.0
4940400.0
4747200.0
7134600.0
2058960.0
5092200.0
6135480.0
3612840.0
4542960.0
4258680.0
4485000.0
3654240.0
5801520.0
2842800.0
64225.0
6825.0
81795.0
26040.0
49245.0
20755.0
15015.0
70945.0
71610.0
7280.0
7700.0
16450.0
37835.0
29715.0
92890.0
3045.0
1573184.0
2004136.0
210246.0
1077380.0
2496802.0
3030262.0
138072.0
565886.0
1672554.0
1370260.0
2544918.0
18828.0
249994.0
1620254.0
1966480.0
2722738.0
1515272.0
2948000.0
1167408.0
1387034.0
624976.0
29480.0
1167408.0
3362194.0
2034120.0
2474846.0
4133096.0
2258168.0
2113716.0
1403248.0
2162358.0
36850.0
658812.0
1233490.0
705157.0
162564.0
1530811.0
37076.0
155434.0
1224934.0
59892.0
616032.0
386446.0
79856.0
499813.0
1898006.0
941873.0
226734.0
504753.0
1257284.0
1048458.0
1204807.0
1039261.0
495556.0
1343303.0
1528866.0
325682.0
338666.0
1293531.0
111987.0
521524.0
1419584.0
1337352.0
5951.0
6701436.0
2624454.0
1447812.0
523476.0
2200014.0
1032804.0
2494764.0
3631320.0
631944.0
490464.0
3150288.0
714474.0
5479992.0
4270338.0
1365282.0
5932728.0
4019994.0
2561812.0
4550084.0
1246146.0
1969154.0
64306.0
2349776.0
170324.0
3913976.0
62568.0
3686298.0
5208786.0
4092990.0
2348038.0
99066.0
4701290.0
7610382.0
658008.0
5884554.0
5373732.0
7284264.0
1255410.0
1379508.0
2225106.0
4828278.0
1088022.0
6080802.0
1454544.0
1070706.0
8354970.0
2245308.0
877344.0
5891460.0
6808788.0
3827472.0
7019668.0
5482880.0
5701668.0
2667632.0
3242280.0
3516424.0
1607960.0
1346996.0
5988992.0
4011992.0
1072852.0
698540.0
7019668.0
7681080.0
4761713.0
3172620.0
1669800.0
6515003.0
5741329.0
3125309.0
6701464.0
158631.0
7169008.0
1436028.0
2610454.0
4486196.0
7235800.0
6445428.0
1218954.0
462726.0
4317300.0
5572638.0
5754186.0
5187402.0
3033180.0
1651644.0
4516560.0
4419144.0
4760100.0
1567512.0
5357880.0
4332798.0
3588894.0
1144638.0
500364.0
78057.0
339663.0
383913.0
53985.0
336300.0
277182.0
453828.0
454182.0
432942.0
468696.0
178062.0
29559.0
514539.0
136113.0
50091.0
337362.0
18000.0
268320.0
161280.0
92040.0
338640.0
180240.0
167040.0
152400.0
328680.0
358920.0
231840.0
156360.0
308280.0
182040.0
325560.0
184920.0
577170.0
1282842.0
704220.0
1234926.0
751410.0
1663266.0
521268.0
784806.0
1055604.0
694782.0
1629870.0
2116290.0
3630.0
758670.0
2007390.0
1306800.0
1540469.0
1316812.0
3058321.0
7124355.0
763952.0
3483018.0
2894976.0
449827.0
1138389.0
2407454.0
1997835.0
6018635.0
809186.0
4108755.0
1045408.0
2158667.0
2308156.0
3373016.0
8138984.0
483504.0
7715918.0
1462024.0
3632036.0
4734310.0
5330056.0
909448.0
7684260.0
4705530.0
6921590.0
4702652.0
6112872.0
866278.0
1677948.0
989238.0
1410812.0
4693663.0
1623686.0
2963540.0
3003193.0
1659165.0
1600729.0
3959039.0
1181242.0
6068996.0
1976389.0
3779557.0
2087000.0
3610510.0
3932117.0
7320149.0
7111338.0
8225977.0
2070464.0
4999700.0
2441030.0
3335094.0
4879119.0
4917352.0
1846948.0
7726007.0
7034872.0
947002.0
152932.0
6267271.0
495482.0
1278825.0
912730.0
2923745.0
2502485.0
487458.0
169507.0
845529.0
1152447.0
1159468.0
1556656.0
938808.0
3001979.0
594779.0
1054153.0
519554.0
4358600.0
7024376.0
4434524.0
6279196.0
3138192.0
2716392.0
4099896.0
1169792.0
6189212.0
6023304.0
4260180.0
5373732.0
5157208.0
2075256.0
3225364.0
4476704.0
1822842.0
2889996.0
2781068.0
2704478.0
3533352.0
228068.0
1868796.0
1492654.0
2238130.0
248492.0
2622782.0
1376918.0
910570.0
233174.0
1671364.0
1799014.0
472256.0
69184.0
1271632.0
1677712.0
2167264.0
1124240.0
24064.0
348928.0
1480688.0
1703280.0
1136272.0
2119136.0
822688.0
306064.0
2035664.0
1773968.0
5435154.0
6801762.0
2822238.0
4285086.0
433080.0
6270036.0
4285086.0
4691700.0
3402084.0
3654714.0
7107324.0
5704626.0
5894700.0
2266452.0
3551256.0
4927488.0
2155719.0
5250042.0
451758.0
412284.0
5241270.0
3798276.0
3548274.0
1175448.0
5504430.0
1732470.0
3116253.0
4879425.0
385968.0
2638179.0
6195225.0
1640364.0
3088650.0
441025.0
3919075.0
597375.0
595900.0
901225.0
3444125.0
441025.0
1770000.0
885000.0
3458875.0
1727225.0
703575.0
539850.0
2824625.0
2171200.0
3643865.0
3230955.0
1228210.0
731140.0
519425.0
2029045.0
2163175.0
2343330.0
3574170.0
3134960.0
2019840.0
199880.0
1069095.0
1897545.0
1084875.0
2591865.0
4326279.0
5342158.0
5288364.0
1375885.0
3606267.0
5712509.0
4146276.0
891739.0
1204158.0
1241400.0
794496.0
5654577.0
523457.0
1164847.0
93105.0
4444212.0
820260.0
540540.0
1221885.0
2716875.0
2326590.0
707805.0
1909845.0
2696085.0
850500.0
1824795.0
1447740.0
893970.0
1792665.0
2293515.0
2599695.0
2207520.0
480960.0
1489473.0
3656799.0
2619729.0
2095182.0
3072132.0
709416.0
297594.0
957411.0
2000493.0
3190869.0
3879243.0
1704402.0
930357.0
3148785.0
4100184.0
5101500.0
6999600.0
185250.0
2656200.0
484500.0
5181300.0
2433900.0
4198050.0
5255400.0
5848200.0
7335900.0
5187000.0
8296350.0
1909500.0
8453100.0
570000.0
1268344.0
692818.0
193333.0
911001.0
851361.0
1272320.0
452270.0
1266356.0
79023.0
726614.0
514892.0
142142.0
1484539.0
1073520.0
920941.0
1351840.0
687570.0
2022720.0
3742290.0
2440680.0
3853230.0
1786650.0
1438350.0
3206940.0
786900.0
2009820.0
1104240.0
1127460.0
2296200.0
3728100.0
366360.0
967500.0
816959.0
5129683.0
5659810.0
6440915.0
1308671.0
125489.0
3062956.0
3088566.0
1621113.0
4622605.0
2112825.0
2922101.0
1987336.0
5098951.0
5416515.0
1372696.0
197028.0
1913024.0
2958788.0
4294200.0
159980.0
3394944.0
2332340.0
4905492.0
1000296.0
35364.0
4378400.0
79148.0
5043580.0
2724712.0
2807228.0
1692420.0
231426.0
45747.0
332046.0
20826.0
142272.0
231426.0
31356.0
113958.0
250848.0
257634.0
142974.0
121446.0
54522.0
79092.0
80964.0
257868.0
2422620.0
4351326.0
2805732.0
43194.0
5046186.0
3459276.0
1434792.0
1464840.0
2403840.0
3481812.0
3549420.0
390624.0
1414134.0
61974.0
869514.0
4422690.0
1868215.0
670714.0
434617.0
347410.0
1140781.0
511189.0
1425799.0
727434.0
1836310.0
858599.0
1773209.0
1437852.0
717508.0
308415.0
1438561.0
1753357.0
3355088.0
2027610.0
2930503.0
3637567.0
1237362.0
4620178.0
4256248.0
3114201.0
2994624.0
3946041.0
2273696.0
4880128.0
445381.0
452313.0
1396798.0
3001556.0
2683071.0
1652103.0
1849473.0
1401327.0
2598318.0
2722545.0
1890108.0
1566189.0
642033.0
1407132.0
2800332.0
1611468.0
783675.0
3195072.0
1321218.0
1488402.0
1199922.0
55842.0
1303888.0
892110.0
839446.0
809028.0
454000.0
733210.0
1056004.0
1109576.0
337776.0
648312.0
838992.0
450368.0
1177676.0
1315692.0
927768.0
512952.0
618048.0
357744.0
1025208.0
191052.0
516780.0
262392.0
76212.0
270048.0
299976.0
821628.0
964308.0
147204.0
378276.0
992148.0
1441345.0
854267.0
1240558.0
34782.0
507501.0
1096160.0
1539894.0
180234.0
681938.0
51119.0
462179.0
1344904.0
282999.0
674033.0
838984.0
667182.0
201784.0
4015043.0
6431865.0
3462430.0
4900141.0
5379378.0
2623192.0
5796704.0
3306506.0
2556695.0
3703195.0
1999496.0
1703699.0
1657839.0
5207403.0
2091216.0
4747008.0
1266944.0
2256128.0
3551744.0
1365504.0
383488.0
4085760.0
4540928.0
5125120.0
57344.0
5282816.0
3110912.0
4245248.0
4555264.0
1025024.0
2739968.0
6471185.0
1850191.0
7164633.0
3900645.0
621712.0
6136417.0
3497130.0
7867048.0
4112864.0
4118842.0
8046388.0
4008249.0
8165948.0
7753466.0
2152080.0
3769129.0
4948524.0
5681736.0
6793380.0
7179696.0
4146984.0
4945896.0
4748796.0
996012.0
3416400.0
5792112.0
2543904.0
3613500.0
641232.0
6435972.0
7237512.0
7405704.0
6432426.0
1704318.0
184926.0
999600.0
5485305.0
6077568.0
7074669.0
4915533.0
2106657.0
5937624.0
3978408.0
5707716.0
7489503.0
3136245.0
3968412.0
4653138.0
2655450.0
4030945.0
2405360.0
563405.0
472080.0
2968765.0
3801930.0
2565530.0
2655450.0
3395885.0
973665.0
3948050.0
3602420.0
3815980.0
2311225.0
1372685.0
2139045.0
2665951.0
4800162.0
3093760.0
3531237.0
1392192.0
5612274.0
1164994.0
4365102.0
2228474.0
3400719.0
3577160.0
6997215.0
1578301.0
3499816.0
2223640.0
728014.0
764659.0
219870.0
7057827.0
6759781.0
1052933.0
2987789.0
4509778.0
1900654.0
6322484.0
955213.0
5364828.0
2169384.0
5929161.0
2430785.0
884366.0
961330.0
2424660.0
223390.0
4347320.0
1372970.0
5142990.0
4801630.0
6134440.0
1395560.0
3119930.0
414150.0
3245430.0
3687190.0
122990.0
2387010.0
5112870.0
2481072.0
6078138.0
1067154.0
1951158.0
3877896.0
3203904.0
7150176.0
2290596.0
5628810.0
2754576.0
2840046.0
43956.0
649572.0
3833940.0
1518924.0
4417578.0
1020896.0
2016688.0
1441388.0
3533388.0
5539616.0
5403636.0
4916200.0
3432972.0
4257220.0
2374420.0
5788564.0
788684.0
1748912.0
2374420.0
5637940.0
2667300.0
5569560.0
702756.0
7316244.0
7208352.0
4207788.0
6508512.0
3131784.0
5493744.0
8214372.0
8100648.0
5840748.0
1796256.0
3283416.0
2487348.0
6190668.0
1405512.0
4905810.0
2107560.0
1987440.0
1799070.0
4392570.0
450450.0
3442530.0
8094450.0
6328140.0
3218670.0
262080.0
8162700.0
4037670.0
3068520.0
5094180.0
6456450.0
4896288.0
6277824.0
5878656.0
6925824.0
4828896.0
5184.0
3693600.0
7568640.0
2610144.0
2978208.0
3395520.0
3506976.0
2970432.0
2527200.0
2853792.0
5375808.0
2805760.0
3217920.0
3165440.0
3631360.0
1219840.0
113920.0
2708480.0
3742720.0
1280.0
217600.0
476160.0
994560.0
2236160.0
2275840.0
733440.0
1647360.0
1911612.0
627950.0
137488.0
2562036.0
482530.0
3812648.0
1914256.0
1681584.0
1595654.0
3443810.0
3105378.0
3536350.0
3266662.0
166572.0
3006228.0
3960712.0
4764591.0
4354659.0
4196592.0
3246453.0
3705021.0
3540006.0
2525598.0
1254114.0
1431288.0
3739761.0
2404008.0
50373.0
5146731.0
2747934.0
4203540.0
4094109.0
4595526.0
2267586.0
7368936.0
7182126.0
5449104.0
5337018.0
6406146.0
4072458.0
913932.0
227046.0
8478300.0
7239606.0
2376798.0
5345640.0
4333992.0
7710942.0
189588.0
615734.0
479094.0
199836.0
956907.0
785253.0
1023946.0
11956.0
74298.0
49105.0
1113189.0
1003877.0
544852.0
670817.0
625982.0
667828.0
577752.0
3471300.0
1615152.0
1326276.0
3504816.0
976752.0
1356600.0
1110816.0
571368.0
941640.0
427728.0
3338832.0
986328.0
1477896.0
2974944.0
4259724.0
383180.0
264656.0
1082424.0
1081948.0
384132.0
1242360.0
880124.0
5712.0
1241884.0
36176.0
600236.0
976276.0
895356.0
224196.0
154700.0
250376.0
2513651.0
5202183.0
1696135.0
3744139.0
568890.0
6207222.0
311836.0
6203008.0
4930380.0
82173.0
1624497.0
4930380.0
2037469.0
3219496.0
1670851.0
4074938.0
361216.0
578816.0
2328320.0
2208640.0
198016.0
1898560.0
72896.0
26112.0
2511104.0
1663552.0
3096448.0
2989824.0
1774528.0
536384.0
2549184.0
1794112.0
705502.0
2610132.0
2038743.0
439530.0
534198.0
1505672.0
592802.0
2926819.0
2593227.0
1664579.0
2930200.0
2744245.0
188209.0
2712689.0
1448195.0
2217936.0
2612189.0
2318797.0
4129159.0
3947456.0
2667200.0
3228979.0
3532373.0
3045609.0
2672201.0
4862639.0
1025205.0
2172101.0
616790.0
2307128.0
1635327.0
13336.0
1725047.0
6410927.0
1541287.0
1529802.0
4362003.0
900424.0
3560350.0
1605603.0
5832083.0
4603188.0
5046509.0
2221199.0
1242677.0
176869.0
2421038.0
4061096.0
42000.0
36960.0
71120.0
35630.0
65555.0
104930.0
39585.0
8155.0
48510.0
99295.0
32585.0
54320.0
33215.0
74970.0
65310.0
87605.0
5920744.0
1406884.0
5452640.0
2901216.0
4871368.0
5491220.0
4254088.0
77160.0
3055536.0
1422316.0
5825580.0
4573016.0
1229416.0
2710888.0
4611596.0
3341028.0
1910351.0
493809.0
601723.0
1230083.0
1135146.0
876972.0
1432251.0
1977285.0
1768287.0
1177492.0
1031330.0
1045673.0
1587292.0
940491.0
510884.0
2028510.0
151668.0
180774.0
33924.0
129162.0
112860.0
142626.0
73590.0
152196.0
80916.0
167310.0
130746.0
123618.0
111738.0
12144.0
46596.0
70488.0
55902.0
856086.0
149688.0
218526.0
1176714.0
454146.0
479556.0
250866.0
251328.0
564564.0
416262.0
1106490.0
589512.0
272580.0
382998.0
1019172.0
339150.0
1028755.0
978880.0
1146460.0
1165080.0
724850.0
1963745.0
1316700.0
784035.0
1300075.0
366415.0
371735.0
451535.0
631750.0
1742965.0
1951775.0
4968594.0
2086190.0
4966772.0
5096134.0
3474554.0
675962.0
2793126.0
4356402.0
858162.0
2842320.0
3897258.0
3869928.0
4330894.0
2102588.0
2160892.0
2909734.0
642600.0
472600.0
362950.0
585650.0
231200.0
182325.0
1187875.0
645150.0
1258425.0
1247800.0
55250.0
75225.0
132175.0
426700.0
794325.0
737800.0
1102837.0
1318763.0
2342898.0
2165314.0
2214755.0
1578076.0
189692.0
1526617.0
1507446.0
1918109.0
3022964.0
2110828.0
417726.0
1209791.0
1807119.0
562013.0
2502485.0
3984515.0
5192095.0
3420645.0
4992495.0
818360.0
7003465.0
1731530.0
4990.0
406685.0
4016950.0
3121245.0
3078830.0
2008475.0
5087305.0
1823845.0
4180150.0
2561936.0
3213756.0
1853436.0
280566.0
3509909.0
3430557.0
3631771.0
3787641.0
921050.0
232388.0
266396.0
11336.0
728338.0
134615.0
3787641.0
186615.0
2691.0
284895.0
168831.0
201123.0
236574.0
11115.0
56043.0
224757.0
59670.0
284895.0
329472.0
350532.0
296595.0
125307.0
294489.0
1308884.0
580888.0
3123216.0
2666804.0
1071248.0
3538136.0
3887046.0
876990.0
1276822.0
3579628.0
965632.0
639354.0
2478204.0
88642.0
5627824.0
130134.0
1746360.0
936936.0
474936.0
1353352.0
166936.0
321552.0
1128512.0
323400.0
1276968.0
1562176.0
203280.0
860552.0
1710016.0
643104.0
1050280.0
936320.0
3553952.0
4527134.0
1053082.0
4738070.0
3654626.0
3162442.0
447440.0
429862.0
2997848.0
1908012.0
2305914.0
1858474.0
551310.0
3210382.0
453832.0
890086.0
3903438.0
152082.0
333132.0
2505732.0
1960168.0
1298732.0
3490644.0
1190102.0
3418224.0
4311404.0
3674108.0
4936630.0
2534700.0
5641518.0
3787566.0
5450812.0
3245988.0
3835506.0
2950016.0
5776306.0
3949528.0
6365824.0
6331860.0
4260056.0
376030.0
3486162.0
3942250.0
1632698.0
3920416.0
5118860.0
5298384.0
5524002.0
3491856.0
4256316.0
4039308.0
1205874.0
3459798.0
3156480.0
2298312.0
1955538.0
3770514.0
559782.0
7279632.0
3861756.0
628830.0
6574356.0
5134212.0
3486924.0
1307478.0
3265464.0
5537934.0
639738.0
392028.0
1992450.0
529884.0
661278.0
5337612.0
4908966.0
3564870.0
1656426.0
94776.0
4654794.0
1686582.0
796980.0
433228.0
773661.0
73682.0
811887.0
454280.0
170909.0
117171.0
225755.0
137392.0
586132.0
39334.0
104706.0
384199.0
807732.0
195285.0
511896.0
5078240.0
7052960.0
6052000.0
6957760.0
4523360.0
5219680.0
2483360.0
3818880.0
7860800.0
2581280.0
5633120.0
625600.0
152320.0
5236000.0
2804320.0
4542400.0
5832189.0
2491209.0
6899850.0
3583080.0
711774.0
1842381.0
5081679.0
4943682.0
4532112.0
588303.0
4982418.0
5086521.0
5444829.0
3914757.0
2735730.0
765036.0
2838930.0
1588488.0
47589.0
3715224.0
608811.0
3928554.0
392199.0
1557309.0
4399521.0
4808130.0
3424767.0
651477.0
4478289.0
4424136.0
239586.0
4278087.0
1105560.0
1961000.0
3898320.0
5920.0
1873680.0
3321120.0
882080.0
8880.0
1383800.0
4385240.0
1278720.0
2030560.0
4423720.0
705960.0
2772040.0
612720.0
1672704.0
2038608.0
7512648.0
6231984.0
8453544.0
6650160.0
4750944.0
7204824.0
464640.0
5465328.0
8441928.0
3746160.0
1376496.0
8700384.0
2268024.0
5134272.0
380568.0
325304.0
305836.0
759880.0
1632172.0
305208.0
1405464.0
1340780.0
929440.0
1372180.0
1116584.0
1413628.0
585924.0
1224600.0
1090836.0
1288028.0
441629.0
585190.0
407107.0
670653.0
925358.0
698439.0
812951.0
166716.0
426052.0
502674.0
39153.0
518672.0
939672.0
373006.0
601188.0
86305.0
2249236.0
298282.0
1344904.0
2655026.0
2589678.0
1622106.0
1901416.0
2994414.0
951762.0
2394688.0
82212.0
3151460.0
1047676.0
91698.0
1415522.0
1026596.0
2736668.0
867724.0
3578344.0
3166460.0
3602764.0
4781436.0
4743992.0
2713876.0
1170532.0
2013836.0
3664628.0
1400080.0
923076.0
4105816.0
1307284.0
4678872.0
8029.0
908424.0
3099194.0
1300698.0
2016426.0
1421133.0
2794092.0
449624.0
1633328.0
960039.0
1834053.0
1725088.0
3278126.0
564324.0
393421.0
1543862.0
3885464.0
313684.0
2102210.0
2431710.0
885696.0
1191472.0
1290322.0
1803024.0
2475204.0
2119344.0
1066262.0
296550.0
2986588.0
2199742.0
1799070.0
2852152.0
262993.0
2350954.0
1102827.0
4109084.0
1695651.0
1717446.0
428635.0
4046605.0
3334635.0
2968479.0
396669.0
4146862.0
1849669.0
3103608.0
2901641.0
2704033.0
181308.0
1730762.0
1160788.0
2136100.0
2252804.0
2595622.0
2070454.0
1726594.0
2432028.0
2348668.0
909666.0
1764106.0
1614058.0
2068370.0
2182990.0
1447338.0
2837832.0
5158808.0
1338462.0
987390.0
3576546.0
1567634.0
4788232.0
6570410.0
1228752.0
2491636.0
5697606.0
321816.0
5134428.0
2145440.0
6936110.0
2191762.0
6486025.0
1228781.0
6910824.0
7329921.0
3897317.0
3603664.0
7335623.0
6275051.0
94083.0
1471116.0
2078379.0
801131.0
8088287.0
4133950.0
4370583.0
8265049.0
1208520.0
1089450.0
979695.0
639900.0
1161135.0
963900.0
741150.0
579150.0
1140075.0
616815.0
995490.0
1029105.0
279450.0
722925.0
703890.0
750870.0
5213562.0
5317530.0
1368912.0
1399236.0
996360.0
3294486.0
1210794.0
8664.0
253422.0
4481454.0
3283656.0
5952168.0
4760868.0
6077796.0
4494450.0
1475046.0
1207986.0
1202682.0
692172.0
886652.0
281996.0
238238.0
1074944.0
711620.0
968864.0
500786.0
81328.0
465868.0
285090.0
391170.0
460122.0
54366.0
4866386.0
1861804.0
3277316.0
4970070.0
3058678.0
964712.0
2459114.0
6432916.0
4934006.0
5312678.0
2700292.0
3299856.0
1557514.0
5301408.0
5166168.0
6065514.0
924672.0
2591232.0
4841088.0
1309056.0
2295552.0
4099200.0
7889280.0
2276736.0
4642176.0
6709248.0
4470144.0
6069504.0
6894720.0
841344.0
6144768.0
2083200.0
737139.0
4064637.0
1026186.0
647244.0
17979.0
1210125.0
2707914.0
1862901.0
337452.0
2590359.0
2218332.0
943206.0
797991.0
3666333.0
2984514.0
1688643.0
2992409.0
3629992.0
1645752.0
3224390.0
4363869.0
4070610.0
2344613.0
1845635.0
1225560.0
3421355.0
1674932.0
3300258.0
281587.0
129851.0
1046103.0
2901951.0
498932.0
436308.0
66950.0
286752.0
47998.0
41818.0
191992.0
594928.0
547136.0
445784.0
384190.0
340518.0
269242.0
50470.0
109386.0
505112.0
302251.0
373008.0
411863.0
842540.0
431086.0
501843.0
341924.0
469941.0
379143.0
721476.0
223314.0
1088758.0
187731.0
929657.0
239265.0
82209.0
2266380.0
129600.0
2130300.0
716850.0
1182600.0
382320.0
213840.0
1638630.0
41310.0
1460430.0
843210.0
634230.0
775170.0
498960.0
1918080.0
2418660.0
8557120.0
8476336.0
2546192.0
2827440.0
4446112.0
3392928.0
1175856.0
900592.0
2396592.0
8171152.0
7698416.0
302192.0
6316112.0
254320.0
619344.0
2103376.0
2969484.0
1372686.0
3250958.0
1023178.0
1764882.0
2910788.0
777722.0
1726196.0
729698.0
2231782.0
1003168.0
3437718.0
1554110.0
2894780.0
501584.0
3282974.0
537693.0
1409538.0
1145001.0
172380.0
1036932.0
1455285.0
1948557.0
1335945.0
74256.0
1493739.0
202878.0
1565343.0
229398.0
1766895.0
633165.0
712725.0
5805360.0
4312972.0
1920460.0
6078036.0
96756.0
7626132.0
155396.0
1548096.0
2026012.0
5635304.0
4230876.0
3923016.0
5218960.0
4283652.0
4412660.0
3119648.0
696396.0
734386.0
295274.0
528716.0
116328.0
303920.0
464788.0
502516.0
42182.0
170562.0
42968.0
57378.0
406624.0
44016.0
541030.0
96678.0
857355.0
7679652.0
1616325.0
5599512.0
368241.0
1363335.0
1636002.0
7288923.0
5304357.0
7272057.0
1205919.0
6600228.0
5242515.0
4199634.0
6940359.0
4359861.0
888216.0
3582852.0
3437196.0
501228.0
1246644.0
3507168.0
3618552.0
3892728.0
3735648.0
803964.0
1243788.0
4149768.0
3764208.0
1462272.0
966756.0
3778488.0
1520.0
61440.0
78760.0
53080.0
118880.0
68040.0
79920.0
103880.0
67920.0
75160.0
112720.0
55840.0
39600.0
6440.0
100840.0
37360.0
7588608.0
1928640.0
2613504.0
2366848.0
398848.0
7848384.0
2684352.0
934144.0
1810560.0
7832640.0
3337728.0
1910272.0
6176896.0
5549760.0
7205504.0
4715328.0
2869546.0
1779772.0
1524146.0
2143030.0
48050.0
689998.0
4259152.0
4213024.0
5631460.0
2558182.0
2981022.0
5591098.0
982142.0
2217988.0
386322.0
3200130.0
1325540.0
109652.0
1666294.0
258168.0
1090968.0
2082000.0
557976.0
845292.0
1338726.0
498986.0
200566.0
817532.0
849456.0
293562.0
991726.0
1155510.0
3781344.0
6148656.0
4586336.0
1101568.0
5838840.0
4716088.0
2865136.0
2094568.0
2971056.0
1255152.0
4149416.0
6895392.0
5743512.0
6283704.0
4152064.0
3167008.0
110304.0
112368.0
10080.0
14448.0
38832.0
97200.0
118368.0
98976.0
112224.0
81600.0
66816.0
92304.0
3792.0
19488.0
69600.0
142848.0
145000.0
134600.0
314600.0
569800.0
63400.0
68200.0
239600.0
473000.0
79600.0
275200.0
74800.0
301800.0
94200.0
409200.0
10400.0
525600.0
3261850.0
4503400.0
827700.0
5615900.0
6383525.0
4957300.0
1559725.0
2211650.0
5647050.0
6178825.0
2423025.0
854400.0
6508125.0
5956325.0
1969125.0
3875950.0
788310.0
5269230.0
5882360.0
1521300.0
543980.0
6161265.0
6290345.0
6594605.0
1977690.0
1811730.0
5384480.0
6571555.0
4734470.0
6472440.0
3445975.0
1687260.0
1946756.0
231924.0
4627938.0
4128950.0
2208549.0
2821742.0
4331005.0
1848364.0
3631719.0
456820.0
2962302.0
4703489.0
1373974.0
1967840.0
1632253.0
3733625.0
456467.0
505087.0
109582.0
295086.0
487509.0
379610.0
420002.0
509575.0
202334.0
208505.0
57222.0
545105.0
33286.0
193171.0
461890.0
396440.0
643356.0
2165832.0
5706288.0
1628370.0
1908090.0
4257738.0
2863134.0
5896098.0
1940058.0
4909086.0
5572422.0
985014.0
1528470.0
933066.0
5458536.0
4607388.0
659100.0
291525.0
457275.0
2451150.0
1663350.0
1006200.0
2427750.0
1077375.0
1093950.0
210600.0
139425.0
2457975.0
2774850.0
2803125.0
698100.0
822900.0
3342240.0
1512720.0
4546080.0
5158560.0
4897200.0
6565680.0
3722400.0
5808000.0
3241920.0
198000.0
1713360.0
7722000.0
440880.0
1821600.0
7687680.0
744480.0
905510.0
3082290.0
3768090.0
2517140.0
568960.0
2259330.0
744220.0
420370.0
3309620.0
1122680.0
2096770.0
1727200.0
454660.0
1102360.0
415290.0
3774440.0
2352867.0
549154.0
3332849.0
1389572.0
2210269.0
4159614.0
3361672.0
1239389.0
2845892.0
1404742.0
1283382.0
1967549.0
2316459.0
1178709.0
221482.0
4041288.0
280602.0
207774.0
3191580.0
507654.0
2567187.0
1399797.0
2895984.0
1542240.0
156366.0
1536885.0
1682541.0
2909907.0
2723553.0
1317330.0
2837079.0
2146284.0
2787728.0
1328492.0
562864.0
2517376.0
1802716.0
2894096.0
2861964.0
131852.0
173956.0
1850360.0
1162292.0
1041520.0
658152.0
1014928.0
2248132.0
2083040.0
154812.0
5054.0
522956.0
388360.0
416822.0
782040.0
719264.0
118370.0
621908.0
475076.0
449540.0
184072.0
111986.0
725116.0
667926.0
445018.0
87110.0
7376250.0
3762590.0
4597160.0
7519560.0
5499170.0
5291230.0
4897830.0
2329490.0
8002880.0
5431730.0
7179550.0
775560.0
694070.0
3301750.0
8334460.0
1133104.0
4372956.0
2692060.0
5219032.0
5025804.0
4911368.0
3857056.0
309540.0
228872.0
577808.0
1028048.0
750400.0
4673116.0
3541888.0
4301668.0
324548.0
1493505.0
3502161.0
2665221.0
174603.0
2917746.0
2777775.0
1245309.0
4311684.0
124098.0
461760.0
4083690.0
2369406.0
427128.0
1369407.0
2981238.0
1601730.0
3390858.0
6484851.0
1385370.0
2702571.0
4404597.0
4573920.0
6003270.0
888396.0
3162162.0
5062098.0
5341371.0
3162162.0
3197346.0
6368304.0
5220426.0
1719618.0
849605.0
1098798.0
928877.0
240018.0
753451.0
78905.0
1030536.0
725926.0
604082.0
405535.0
496551.0
1032004.0
247358.0
118908.0
1046317.0
765195.0
1676736.0
7486272.0
934144.0
7483648.0
3356096.0
6056192.0
658624.0
2723712.0
3259008.0
1897152.0
7142528.0
4245632.0
2815552.0
5127296.0
5751808.0
4993472.0
4305675.0
2469815.0
4044725.0
3593435.0
3251130.0
3317135.0
174990.0
756755.0
319280.0
3129865.0
1880375.0
2059970.0
3473705.0
3189730.0
1630170.0
3188195.0
3813982.0
902864.0
3611456.0
1966512.0
71116.0
1088384.0
1396038.0
2781254.0
1091476.0
2076278.0
4226764.0
1581558.0
211802.0
1301732.0
1232162.0
946152.0
1142552.0
704808.0
1326786.0
85842.0
1355400.0
966350.0
675190.0
197788.0
481418.0
834826.0
1458812.0
1102392.0
314252.0
574288.0
525092.0
439752.0
6597624.0
2314180.0
8531512.0
8434228.0
3858932.0
5571720.0
8611108.0
3570028.0
3829452.0
7426012.0
2585396.0
8472552.0
8375268.0
8572784.0
8543304.0
2081288.0
630000.0
480000.0
412000.0
213500.0
1366000.0
620500.0
592500.0
1145500.0
56500.0
1222000.0
1212000.0
1292500.0
848000.0
647000.0
868000.0
818500.0
565440.0
2339280.0
964896.0
611040.0
648432.0
266304.0
1990896.0
305520.0
852720.0
1757424.0
1681728.0
1341552.0
2610144.0
112176.0
46512.0
476976.0
1697745.0
925680.0
1328005.0
901075.0
1820770.0
1887935.0
1551445.0
1834070.0
1330665.0
708890.0
1649200.0
703570.0
391685.0
1470980.0
862505.0
742140.0
2712864.0
2746628.0
905756.0
2853792.0
236348.0
3633300.0
1037876.0
1840872.0
450676.0
1410748.0
2884620.0
435996.0
1601588.0
1181740.0
1625076.0
1710220.0
2009073.0
1628055.0
1643994.0
1982508.0
1773783.0
628452.0
1252350.0
774939.0
26565.0
1152162.0
1728243.0
1301685.0
1217436.0
374946.0
92598.0
15939.0
103040.0
196259.0
364182.0
51359.0
289478.0
410067.0
475594.0
390908.0
54740.0
17227.0
138782.0
71645.0
463197.0
463036.0
176295.0
277403.0
2245360.0
1404112.0
926592.0
639064.0
2225040.0
2637536.0
906272.0
1574800.0
1847088.0
191008.0
2669032.0
2453640.0
1952752.0
2137664.0
1318768.0
296672.0
580503.0
6870542.0
7310317.0
4920454.0
3405115.0
2995496.0
2492896.0
213605.0
5598964.0
1088129.0
5435619.0
2550695.0
2791943.0
4515861.0
7265083.0
2837177.0
1882284.0
2762136.0
1031034.0
3159840.0
386808.0
2662710.0
2710380.0
3121704.0
3274248.0
1359276.0
510750.0
2651814.0
2977332.0
302364.0
70824.0
2525148.0
338720.0
6323552.0
4788800.0
4732736.0
4045952.0
5414848.0
112128.0
5094816.0
4186112.0
1938880.0
633056.0
6227776.0
537280.0
2814880.0
2268256.0
212576.0
4449306.0
5776292.0
4159736.0
2241020.0
6425936.0
1442814.0
4708660.0
433096.0
312232.0
4618012.0
1860802.0
4900028.0
1835622.0
956840.0
3915490.0
1062596.0
293220.0
705900.0
678388.0
671148.0
583544.0
649066.0
546982.0
593680.0
766354.0
882556.0
242178.0
455758.0
424988.0
633500.0
238558.0
294306.0
306207.0
1055744.0
624786.0
1276378.0
2496051.0
418586.0
1672282.0
2961032.0
1367106.0
1356796.0
1011411.0
612414.0
571174.0
1860955.0
1109356.0
675305.0
1352900.0
2327640.0
4211920.0
4198880.0
3284450.0
907910.0
3224140.0
4764490.0
4350470.0
4860660.0
2588440.0
3163830.0
3889180.0
973110.0
4573780.0
161370.0
795616.0
448615.0
2707905.0
1747977.0
2013903.0
2431169.0
1957691.0
1148022.0
1061542.0
2256047.0
1246393.0
1102620.0
1878778.0
699407.0
1395571.0
1737167.0
3748730.0
2751797.0
3706168.0
2164114.0
4128514.0
4827513.0
919994.0
4216912.0
1764686.0
2411301.0
2024969.0
2077353.0
690814.0
3742182.0
4284029.0
3761826.0
3815200.0
6400500.0
1483410.0
7125890.0
4809160.0
2640520.0
6106830.0
7148480.0
2269040.0
2768530.0
7391950.0
6222290.0
3242920.0
1897560.0
1071770.0
6591260.0
2793672.0
4264736.0
1874257.0
3090584.0
4603823.0
3075401.0
1224762.0
3287963.0
529718.0
3083836.0
3195178.0
2684017.0
2764993.0
3018043.0
2024400.0
3652355.0
3302404.0
4817652.0
6746572.0
62748.0
237048.0
2177588.0
5603164.0
4285456.0
5205760.0
3888052.0
4041436.0
4213412.0
3618468.0
3964744.0
2272872.0
3908968.0
975390.0
389790.0
278160.0
4712250.0
3394650.0
2336910.0
4011360.0
3215310.0
5078250.0
3927180.0
1013820.0
2574810.0
616710.0
1811700.0
2311290.0
497760.0
3821495.0
2209329.0
560602.0
2733370.0
377797.0
5205590.0
80086.0
2863945.0
5128986.0
543192.0
4780786.0
1105535.0
1741000.0
2177991.0
3482.0
4046084.0
3727284.0
406164.0
5365404.0
742764.0
4847040.0
1734612.0
2185656.0
2109360.0
141372.0
4772988.0
3332340.0
4757280.0
1380060.0
5951088.0
5156712.0
6280956.0
8552698.0
3896359.0
5606314.0
3320528.0
3302990.0
5767079.0
1727493.0
5775848.0
4776182.0
1405963.0
5691081.0
6301988.0
4355270.0
6418908.0
5191248.0
1020127.0
4957896.0
2916846.0
2553168.0
7125120.0
717460.0
4614010.0
5982132.0
2944060.0
1662528.0
2295872.0
3077656.0
5064278.0
3297842.0
5356210.0
1375544.0
4943052.0
7878465.0
3440402.0
7130914.0
6425048.0
2612260.0
2298233.0
664181.0
842037.0
1144948.0
2642829.0
7183715.0
7731178.0
4663162.0
5405155.0
4465853.0
5669160.0
106578.0
815517.0
381672.0
730143.0
164610.0
383346.0
348192.0
410688.0
313596.0
321408.0
45198.0
671553.0
73935.0
49941.0
96534.0
828351.0
116184.0
189726.0
1432524.0
1428198.0
496872.0
131016.0
339282.0
622326.0
97026.0
67980.0
1082736.0
767556.0
964698.0
681036.0
512322.0
366474.0
336384.0
508956.0
1195740.0
1255746.0
1293852.0
1212384.0
486180.0
1000392.0
1296918.0
1203186.0
884322.0
794094.0
534360.0
839208.0
280320.0
646926.0
2816860.0
1386250.0
3253806.0
2841258.0
3012044.0
5864392.0
4249688.0
4606786.0
530102.0
1497150.0
26616.0
4345062.0
4770918.0
6367878.0
2368824.0
1179976.0
678024.0
1210194.0
929436.0
1163766.0
431868.0
1175154.0
1018788.0
112128.0
1087116.0
713940.0
439314.0
657438.0
138846.0
134028.0
722700.0
982872.0
1408110.0
1240371.0
1422696.0
588489.0
119493.0
89199.0
1161831.0
1155660.0
322575.0
678249.0
387090.0
1058607.0
1437843.0
749496.0
723129.0
361845.0
2348992.0
159936.0
1058624.0
513536.0
2542656.0
2953920.0
3121472.0
1043392.0
38080.0
3173696.0
2401216.0
3206336.0
2024768.0
1882240.0
2449088.0
1466624.0
5545226.0
4535731.0
2752623.0
4949524.0
3624187.0
2544727.0
213893.0
3678160.0
2848575.0
3286356.0
2278860.0
5659169.0
3840079.0
1191404.0
4701648.0
2558720.0
2280420.0
2574390.0
3499350.0
1166040.0
2051640.0
3114360.0
2419410.0
3253350.0
2468610.0
1814250.0
366540.0
2147580.0
2788410.0
1682640.0
3129120.0
767520.0
211216.0
1516352.0
375648.0
240800.0
1548688.0
604064.0
1245968.0
1109744.0
1118000.0
622640.0
842800.0
970080.0
1027872.0
6192.0
1841088.0
1564512.0
1919085.0
1214955.0
1817655.0
618135.0
1903650.0
312375.0
2052120.0
1527330.0
391020.0
144060.0
2087400.0
1040025.0
1328880.0
582120.0
585795.0
1120140.0
7101324.0
6387834.0
5819840.0
6429804.0
7507034.0
69950.0
6930646.0
2235602.0
1600456.0
3615016.0
4571932.0
7646934.0
3978756.0
8083422.0
3052618.0
8388404.0
959744.0
3261952.0
203136.0
3100032.0
2608384.0
624128.0
3066176.0
3201600.0
113344.0
2608384.0
1516160.0
1020096.0
958272.0
3447424.0
420992.0
3526912.0
499079.0
26629.0
2540922.0
2340775.0
2260888.0
2020368.0
1177689.0
1548777.0
958644.0
178672.0
471591.0
367652.0
2394892.0
1630382.0
418333.0
2211925.0
5519085.0
5837455.0
3864770.0
1474980.0
648830.0
5728645.0
4703010.0
5517070.0
4719130.0
3336840.0
5124145.0
5434455.0
4541810.0
3284450.0
4848090.0
5168475.0
4508364.0
1920354.0
257958.0
4752834.0
3908148.0
655854.0
1245954.0
2001282.0
239412.0
3468102.0
2220462.0
2633532.0
3946926.0
1588212.0
2584638.0
2554290.0
932590.0
1240501.0
420968.0
105242.0
414195.0
912792.0
155779.0
861213.0
1518715.0
1315004.0
1554143.0
28655.0
265189.0
122956.0
1456195.0
1359289.0
2987049.0
263457.0
147969.0
2818629.0
3237273.0
1402698.0
3317874.0
44511.0
1490517.0
447516.0
353682.0
3074868.0
1246308.0
1494126.0
453531.0
1662546.0
2496780.0
972972.0
4523376.0
935220.0
1336764.0
4422132.0
4595448.0
1501500.0
3129984.0
183612.0
3682536.0
3147144.0
3975972.0
1132560.0
2441868.0
229944.0
2495650.0
2563100.0
2417550.0
3617450.0
2527600.0
4780075.0
4762325.0
3102700.0
2287975.0
2889700.0
2181475.0
2396250.0
179275.0
1721750.0
95850.0
4817350.0
97200.0
1211760.0
504360.0
1337580.0
1234980.0
118260.0
348300.0
1205280.0
47520.0
786780.0
758700.0
1286820.0
1149660.0
242460.0
768420.0
1295460.0
2327837.0
7250953.0
7512937.0
2499764.0
1560988.0
1067039.0
4467373.0
4966780.0
3935218.0
3070125.0
3656860.0
5534412.0
2374230.0
3323922.0
5155081.0
775036.0
5323160.0
2192920.0
335800.0
7781800.0
6873680.0
5869200.0
4490960.0
4882240.0
7524840.0
5518800.0
639480.0
4911440.0
8403760.0
26280.0
5623920.0
5723200.0
1576200.0
6213780.0
2675100.0
1021200.0
639360.0
2699520.0
4064820.0
5525580.0
275280.0
452880.0
3663000.0
2577420.0
4475520.0
6584520.0
3139080.0
4051500.0
1263180.0
823912.0
962748.0
229876.0
2806308.0
2479702.0
402852.0
2975870.0
1782108.0
795462.0
2667472.0
2291932.0
782944.0
2665196.0
3143156.0
2873450.0
89428.0
234551.0
7584.0
182885.0
12245.0
11692.0
48506.0
66360.0
2291.0
59092.0
162424.0
179567.0
184070.0
192286.0
92351.0
40764.0
3154836.0
353096.0
2080196.0
1051612.0
5188976.0
3575097.0
5283007.0
771438.0
4321588.0
829008.0
4377239.0
721544.0
2890014.0
5428851.0
316635.0
5194733.0
350640.0
54120.0
99840.0
358560.0
231120.0
214920.0
183120.0
61800.0
290760.0
180720.0
257760.0
1200.0
106320.0
318960.0
229200.0
324600.0
1780376.0
1063180.0
3616614.0
926228.0
4919460.0
1046962.0
380222.0
1187518.0
4506802.0
3726536.0
4384266.0
2097528.0
4643754.0
2021844.0
1261400.0
612680.0
6178214.0
575610.0
1186853.0
5451849.0
6622256.0
7973569.0
1014170.0
2653288.0
3157632.0
792149.0
1888549.0
5366878.0
3179560.0
465970.0
5109224.0
2993172.0
476580.0
147030.0
3946995.0
3148470.0
1835340.0
5536440.0
2788500.0
7483320.0
1090050.0
392925.0
4248660.0
6400875.0
4035720.0
5075070.0
5564325.0
2813850.0
104139.0
140049.0
515565.0
681264.0
1249155.0
710505.0
418608.0
1486674.0
66690.0
1315845.0
342171.0
1297377.0
1373301.0
310365.0
716661.0
74385.0
173901.0
167139.0
327075.0
118335.0
30723.0
262836.0
100989.0
102900.0
206241.0
74382.0
102018.0
336336.0
361620.0
269157.0
198450.0
13524.0
3367460.0
84801.0
1752554.0
2950829.0
3543207.0
2380573.0
2902898.0
3103225.0
219991.0
3395727.0
1256038.0
2999989.0
2526824.0
1151573.0
3272827.0
1136825.0
2894272.0
3845058.0
988288.0
3886972.0
5501764.0
5250280.0
2719998.0
4718634.0
582384.0
3679608.0
573560.0
319870.0
1253008.0
5781926.0
6141504.0
180892.0
1101708.0
262196.0
363196.0
664580.0
835876.0
1095648.0
150692.0
755076.0
215736.0
794264.0
684780.0
3232.0
264216.0
756288.0
511464.0
437128.0
1413414.0
168516.0
171864.0
1523898.0
1338084.0
222084.0
1150596.0
969246.0
1308510.0
699174.0
1201374.0
1573002.0
1156176.0
1009980.0
320292.0
203112.0
219100.0
1293316.0
2318704.0
1963136.0
1027892.0
2214788.0
1036656.0
3002296.0
1150588.0
985324.0
371844.0
423176.0
985324.0
2582876.0
2529040.0
3493080.0
2701371.0
1318359.0
4036596.0
7364820.0
6830730.0
5723196.0
2566443.0
7924209.0
6302262.0
7719006.0
7558779.0
4708425.0
5245326.0
5287491.0
1630380.0
2558010.0
6388728.0
2658126.0
5587254.0
4330266.0
3084810.0
3485547.0
567951.0
106671.0
3416355.0
1167615.0
994635.0
3701772.0
2219910.0
3742134.0
7792749.0
2110356.0
7155648.0
1691496.0
4442760.0
4212504.0
3309192.0
8510616.0
6872256.0
528408.0
1416960.0
4315824.0
2577096.0
2777832.0
2547576.0
3442032.0
3394800.0
6674472.0
4376582.0
5221440.0
4191656.0
685314.0
3270652.0
1502977.0
2498314.0
5243196.0
1468530.0
3105669.0
610981.0
4354826.0
5277643.0
4099193.0
2219112.0
478632.0
1290804.0
616472.0
1262400.0
412910.0
368200.0
1144050.0
1243990.0
167794.0
1391270.0
520740.0
22618.0
574392.0
815300.0
696424.0
71010.0
653818.0
523802.0
292202.0
778948.0
1037568.0
60216.0
549278.0
1046832.0
905170.0
5018.0
1063044.0
89166.0
352032.0
959982.0
927944.0
28950.0
582860.0
2866979.0
5482537.0
5016726.0
5248657.0
4213738.0
2317361.0
5747601.0
502842.0
5749550.0
945265.0
3395158.0
5560497.0
4414485.0
5272045.0
1379892.0
42878.0
8213427.0
2726437.0
537327.0
1859322.0
2234598.0
4764868.0
5853737.0
4591445.0
1086026.0
5765604.0
156365.0
6735067.0
1222490.0
1259449.0
5378956.0
6146566.0
6073236.0
13660.0
6597780.0
1051820.0
6972064.0
3122676.0
5999472.0
6491232.0
65568.0
6534944.0
4182692.0
6390148.0
6043184.0
6160660.0
3567992.0
614700.0
2612300.0
806180.0
380600.0
577820.0
2229970.0
1107200.0
1631390.0
3657220.0
1330370.0
1377080.0
1264630.0
3947860.0
925550.0
1864940.0
1851100.0
2617490.0
2176954.0
1385215.0
993941.0
3521466.0
3394105.0
778609.0
1477125.0
248157.0
2012829.0
1872338.0
2069288.0
3187964.0
1055652.0
3911427.0
1021514.0
3907488.0
1700784.0
1335786.0
721614.0
1978914.0
419100.0
2132076.0
895350.0
114300.0
342138.0
1314450.0
1518666.0
194310.0
1773174.0
1427226.0
1766316.0
1260348.0
2100564.0
788832.0
1576170.0
1072692.0
718614.0
72459.0
1539567.0
1037583.0
790326.0
2102805.0
1003221.0
324198.0
1550772.0
389187.0
1083897.0
1331901.0
129285.0
127296.0
136578.0
1271634.0
617916.0
676260.0
90168.0
1638936.0
1190748.0
1868997.0
957372.0
1693965.0
1263015.0
275145.0
1734408.0
1890876.0
2721159.0
782069.0
989763.0
1751614.0
226993.0
2611798.0
448472.0
1401475.0
2010772.0
724172.0
771041.0
765527.0
508207.0
1783779.0
829857.0
32165.0
6775033.0
1000652.0
2831742.0
5978122.0
5653168.0
6450079.0
6535186.0
4853678.0
2983903.0
3783393.0
5178632.0
5991017.0
252742.0
4224402.0
2537736.0
5882699.0
3242764.0
859216.0
222568.0
333852.0
4479828.0
5362336.0
439960.0
2440484.0
6058508.0
2536240.0
2155804.0
3390280.0
5214820.0
2078164.0
4151152.0
3638728.0
5924500.0
5763000.0
242250.0
1056125.0
1472625.0
6264500.0
996625.0
582250.0
3128000.0
2499000.0
3098250.0
548250.0
4651625.0
1632000.0
2418250.0
4046000.0
1124880.0
1320960.0
2041640.0
1600460.0
43000.0
1477480.0
1533380.0
675100.0
1818900.0
222740.0
1605620.0
410220.0
2381340.0
1650340.0
1901460.0
452360.0
7473950.0
3017400.0
5719150.0
6724950.0
7361600.0
5347325.0
4646475.0
72225.0
3918875.0
5711125.0
120375.0
2731175.0
5368725.0
4651825.0
4132875.0
379850.0
966892.0
3919724.0
318954.0
5971862.0
5217606.0
2475404.0
1769292.0
1552644.0
224672.0
4361044.0
5103264.0
4112300.0
3779304.0
5530542.0
391170.0
1809412.0
3227106.0
105554.0
16604.0
2598526.0
488632.0
1100608.0
2890282.0
2031618.0
2130056.0
2015014.0
1372202.0
180272.0
3485654.0
2638850.0
1121956.0
755482.0
311682.0
678714.0
47232.0
342924.0
433944.0
359652.0
35670.0
620412.0
451164.0
319062.0
420168.0
112176.0
213282.0
342678.0
725946.0
504300.0
4497350.0
1688610.0
1082730.0
2200990.0
968660.0
4198150.0
1118260.0
628320.0
5215430.0
4714270.0
4065380.0
1344530.0
2344980.0
2690930.0
854590.0
1366970.0
573480.0
766764.0
945180.0
1787346.0
2436228.0
1995498.0
1926468.0
180540.0
293112.0
1875492.0
1601496.0
3139272.0
324972.0
2002932.0
1803276.0
312228.0
1080093.0
962388.0
36708.0
957201.0
626031.0
370272.0
692664.0
940443.0
239799.0
173964.0
1157499.0
777651.0
1054956.0
967575.0
1111614.0
1003485.0
204537.0
167040.0
198621.0
110055.0
192444.0
14703.0
165387.0
199752.0
205407.0
105444.0
142245.0
201927.0
62466.0
243078.0
194271.0
143985.0
1669857.0
1531390.0
2536422.0
303527.0
867482.0
1098566.0
2074254.0
1571738.0
2275994.0
2200800.0
1574489.0
1238867.0
2104515.0
1029791.0
2508912.0
2157701.0
5764836.0
168300.0
803352.0
2369664.0
3000228.0
251328.0
3330096.0
5659368.0
4934556.0
4443120.0
4176084.0
5843376.0
1209516.0
6424572.0
6588384.0
4862748.0
1336576.0
1631712.0
1421216.0
695520.0
1440352.0
1203360.0
1388096.0
468832.0
1487456.0
655040.0
2174144.0
1212928.0
887616.0
854496.0
2120416.0
1555168.0
2094830.0
675602.0
747491.0
1765532.0
1522810.0
1985064.0
2298129.0
1708330.0
1905445.0
1307916.0
1080654.0
1274677.0
1839740.0
626130.0
391911.0
2087100.0
14490.0
169920.0
102330.0
2790.0
150930.0
191070.0
130500.0
210330.0
26460.0
148050.0
31050.0
108450.0
170190.0
69030.0
195030.0
102870.0
513166.0
181436.0
2602388.0
3661216.0
923428.0
3602994.0
3364690.0
1470444.0
2255764.0
1895600.0
751470.0
534830.0
3366044.0
3487904.0
1144130.0
3153466.0
218988.0
1245090.0
810810.0
406098.0
882420.0
802956.0
705474.0
141372.0
843150.0
1030260.0
1270038.0
662508.0
780780.0
547008.0
1303764.0
1015938.0
2629854.0
3363511.0
1275652.0
1635411.0
1618130.0
1751665.0
3632152.0
4551187.0
1772088.0
744654.0
3479765.0
4687864.0
4317108.0
3712273.0
2694265.0
1522299.0
1716768.0
5728521.0
2793722.0
5001279.0
439127.0
3344121.0
3578587.0
2169804.0
4520425.0
2336712.0
2738086.0
5235745.0
2591048.0
5424510.0
4331660.0
1887650.0
3233230.0
3536170.0
1884960.0
2861100.0
4415070.0
2793780.0
1783980.0
880770.0
2150500.0
196350.0
4125220.0
2769470.0
5466010.0
4802160.0
2245870.0
618970.0
6481680.0
4070170.0
5497000.0
341770.0
2633780.0
2265720.0
791090.0
6125570.0
5062020.0
6594010.0
7009870.0
580770.0
4151430.0
6594010.0
2473650.0
1696900.0
198996.0
480102.0
508438.0
638848.0
407008.0
703570.0
421820.0
223146.0
36064.0
697452.0
838810.0
205114.0
131054.0
766038.0
400246.0
2576.0
702556.0
3923184.0
90428.0
1290338.0
1787692.0
2462424.0
2676321.0
2745881.0
3156285.0
4521400.0
2462424.0
1568578.0
723424.0
1219039.0
1128611.0
4307503.0
7213458.0
3199686.0
8513610.0
4625082.0
3644004.0
6995772.0
8853558.0
4523694.0
6491814.0
1929354.0
6795978.0
2355780.0
6423228.0
2719584.0
4976958.0
5835774.0
1500480.0
3860640.0
839520.0
128160.0
3310560.0
1085760.0
868320.0
1337760.0
1559520.0
2727360.0
738720.0
1972800.0
3919680.0
1598400.0
1555200.0
2116800.0
806134.0
1328978.0
1122226.0
578011.0
1300152.0
1285739.0
234584.0
396109.0
1343391.0
278320.0
421456.0
1046185.0
633675.0
1436330.0
824026.0
1168447.0
3331136.0
502240.0
852640.0
1226400.0
2542736.0
2745968.0
2326656.0
1196032.0
1602496.0
1847776.0
60736.0
2617488.0
1282464.0
2222704.0
3303104.0
2800864.0
1741915.0
1662787.0
1503432.0
3146437.0
2384830.0
238483.0
1261652.0
1767192.0
2792559.0
2456265.0
1929844.0
2665075.0
4396.0
253869.0
385749.0
686875.0
7939112.0
3573700.0
5195610.0
7669710.0
5451267.0
3793620.0
4214217.0
3947564.0
1712627.0
6100031.0
6385927.0
4464376.0
6611345.0
5904852.0
2229439.0
1756611.0
1591702.0
2312682.0
1672119.0
7007371.0
3191723.0
7456597.0
1120292.0
3377514.0
4034715.0
4522763.0
6366808.0
5509951.0
5859349.0
271754.0
354944.0
7761627.0
1037232.0
675612.0
1928052.0
1609650.0
2000376.0
538902.0
740880.0
1016946.0
1129842.0
1249794.0
2459016.0
149940.0
541548.0
290178.0
2313486.0
2616012.0
1992063.0
1049066.0
1593941.0
2291381.0
1399239.0
193249.0
828210.0
2590699.0
4046605.0
448977.0
3636859.0
1771207.0
2311723.0
1949926.0
1826421.0
4343017.0
4402026.0
1054701.0
6142635.0
746982.0
660069.0
3065445.0
645975.0
1284903.0
1230876.0
2060073.0
5623506.0
6605388.0
493290.0
7014114.0
2454705.0
601344.0
5066.0
28220.0
11781.0
49487.0
10251.0
30770.0
25483.0
19771.0
45951.0
27523.0
5117.0
4828.0
24786.0
31960.0
10829.0
17119.0
1649858.0
493600.0
3499624.0
2095332.0
2168138.0
683636.0
3399670.0
1448716.0
1675772.0
3112148.0
3112148.0
3595876.0
2542040.0
1316678.0
1008178.0
2853008.0
173558.0
1031646.0
2064370.0
1601908.0
2900898.0
2910600.0
3004386.0
3038882.0
634942.0
1092014.0
818202.0
11858.0
281358.0
2264878.0
2562406.0
2019094.0
5461752.0
1940763.0
6763265.0
6609845.0
2845941.0
1027914.0
4878756.0
1061155.0
1577669.0
1158321.0
4086086.0
3209035.0
5239293.0
2434264.0
1388451.0
7185170.0
372386.0
97552.0
157584.0
52662.0
96212.0
268804.0
162676.0
46230.0
118858.0
208772.0
369840.0
326424.0
127166.0
5226.0
116982.0
6432.0
2991506.0
352030.0
2333884.0
1974364.0
1276296.0
2846200.0
3094868.0
2913610.0
3887310.0
720538.0
1480024.0
3451392.0
1851528.0
1947400.0
1213380.0
1309252.0
1264036.0
1512024.0
1067252.0
1659612.0
2401568.0
1403592.0
1043156.0
517060.0
788140.0
2250968.0
1385520.0
1271064.0
125500.0
219876.0
89356.0
2062216.0
3277358.0
761110.0
372302.0
1903692.0
4020128.0
2886716.0
4592336.0
394310.0
3988950.0
3568964.0
4575830.0
2862874.0
3906420.0
3325042.0
5324102.0
3044440.0
2212507.0
2530038.0
183780.0
1541710.0
2678083.0
464555.0
1907228.0
1752036.0
441072.0
2162478.0
1959299.0
2909850.0
2377909.0
339993.0
389001.0
1201717.0
3876390.0
1912704.0
1225326.0
3241752.0
3658398.0
3422826.0
1721082.0
631122.0
2067408.0
107238.0
1160280.0
233814.0
3556434.0
2765334.0
2844444.0
2146518.0
1501500.0
6634320.0
3370290.0
5209050.0
822360.0
5479320.0
6317850.0
6819120.0
4984980.0
3670590.0
3358740.0
4472160.0
4192650.0
5416950.0
4490640.0
3021480.0
5810964.0
7943636.0
2027740.0
3077060.0
2280144.0
1355608.0
450924.0
4801348.0
1077680.0
357336.0
5099128.0
4404308.0
5394072.0
3068552.0
7733772.0
6894316.0
432320.0
119853.0
233337.0
471885.0
33389.0
329451.0
201685.0
171963.0
328872.0
25283.0
315748.0
22967.0
534224.0
480763.0
234495.0
531715.0
305830.0
3637578.0
255458.0
1937523.0
4887883.0
5348427.0
4461520.0
91749.0
4227650.0
1955513.0
2664319.0
1280888.0
3632181.0
1003842.0
879711.0
2892792.0
3654675.0
6682200.0
3399375.0
7647900.0
2547450.0
5921850.0
4797975.0
7375950.0
1093350.0
8250075.0
2811075.0
8047500.0
6268725.0
3590850.0
2480850.0
2827725.0
1281800.0
263432.0
698360.0
739024.0
102102.0
1033396.0
986986.0
140556.0
1093066.0
1158924.0
1188538.0
721344.0
924222.0
1173068.0
122876.0
867646.0
68820.0
3163426.0
2284824.0
1962517.0
1580566.0
2856030.0
2735595.0
1834053.0
1165352.0
2062306.0
2300882.0
2591073.0
2203387.0
2101304.0
248899.0
346394.0
6279000.0
1220856.0
3029208.0
3234504.0
6145776.0
4215120.0
4175808.0
670488.0
1474200.0
2915640.0
1159704.0
355992.0
4582032.0
1847664.0
1589952.0
4306848.0
896440.0
3369680.0
2219200.0
2531640.0
671600.0
5501280.0
277400.0
3737600.0
1912600.0
4820920.0
8412520.0
7589080.0
2642600.0
1927200.0
4867640.0
3393040.0
5130.0
272270.0
30210.0
134710.0
66690.0
138510.0
373730.0
304950.0
490770.0
277590.0
109820.0
155990.0
392730.0
558220.0
535800.0
536370.0
798369.0
5300128.0
1680483.0
4682276.0
949110.0
4090478.0
4257968.0
3900656.0
1416221.0
1918691.0
4862793.0
4118393.0
4414292.0
1944745.0
2430466.0
5378290.0
217464.0
588744.0
1189422.0
1956513.0
539682.0
1269645.0
1396278.0
1447992.0
1337271.0
1673412.0
155142.0
98124.0
574158.0
359346.0
1180803.0
1140360.0
2372080.0
835592.0
2136064.0
3038408.0
1541256.0
1302856.0
618648.0
3493752.0
60792.0
1286168.0
3474680.0
2870336.0
668712.0
1029888.0
972672.0
393360.0
1876440.0
3000480.0
3103080.0
670320.0
2213880.0
1053360.0
2433900.0
100320.0
2267460.0
3120180.0
2425920.0
2965140.0
2805540.0
2368920.0
2126100.0
1637040.0
1533680.0
270560.0
626240.0
1497960.0
1926600.0
161880.0
2007920.0
22040.0
1922800.0
988760.0
2183480.0
162640.0
749360.0
524400.0
1605880.0
16720.0
1247714.0
2851368.0
563732.0
423280.0
334776.0
1439152.0
2062528.0
2609906.0
591630.0
2869646.0
921596.0
1857622.0
1343914.0
2145260.0
2210676.0
1437228.0
5367627.0
2797542.0
603567.0
261486.0
875799.0
2853063.0
979677.0
3213054.0
4183776.0
1332504.0
3325887.0
2392776.0
2885301.0
1169523.0
1008333.0
4545558.0
978404.0
458048.0
3216440.0
4199896.0
4639420.0
4895388.0
234076.0
1562752.0
2685980.0
3721640.0
3681224.0
4775824.0
498464.0
1928180.0
3740164.0
203764.0
812544.0
488448.0
643584.0
1169920.0
1526784.0
1469952.0
359936.0
1371648.0
1242624.0
176640.0
1078272.0
55808.0
418304.0
1100800.0
413696.0
1127424.0
8018460.0
6969450.0
7090158.0
3066558.0
6115872.0
4601274.0
879444.0
5975046.0
5624418.0
801846.0
1678416.0
8601882.0
626532.0
2980338.0
3833916.0
2238846.0
939008.0
2624192.0
2636768.0
1325720.0
2560264.0
1402224.0
1636976.0
560680.0
2428216.0
527144.0
910712.0
2757288.0
1701952.0
646616.0
2747856.0
506184.0
2731584.0
953556.0
3256248.0
2038278.0
4143180.0
1126362.0
3316626.0
5421528.0
5431938.0
1070148.0
3651828.0
2977260.0
1644780.0
1357464.0
2448432.0
2179854.0
1912956.0
1033436.0
2772400.0
1997084.0
363280.0
1151980.0
1575488.0
50668.0
1074544.0
1188308.0
1063072.0
2488468.0
507636.0
2105112.0
2209316.0
558304.0
1507623.0
6124887.0
2300541.0
587946.0
1407834.0
3702981.0
3662526.0
4601082.0
3417099.0
1761141.0
3748830.0
7848270.0
6777561.0
7497660.0
3325401.0
7686450.0
8800080.0
7277904.0
115947.0
5880594.0
6362220.0
5987622.0
2200020.0
2161371.0
4786530.0
698655.0
8817918.0
7884396.0
3085974.0
1343796.0
2018667.0
4197876.0
293586.0
405142.0
767866.0
51770.0
734466.0
786570.0
278890.0
349030.0
614226.0
90514.0
325650.0
694052.0
689042.0
721106.0
439210.0
680692.0
1058376.0
2315720.0
829312.0
2394304.0
2461184.0
1584220.0
1313356.0
455620.0
1823316.0
2462856.0
1139468.0
588544.0
1877656.0
1047508.0
1528208.0
1570008.0
2353392.0
560736.0
5658336.0
140184.0
3317688.0
5496912.0
5465052.0
4046220.0
5660460.0
1004652.0
5084856.0
307980.0
3368664.0
2671992.0
771012.0
2669868.0
6483420.0
3749160.0
2875152.0
6301932.0
2853660.0
7118628.0
4701972.0
5265540.0
4487052.0
1119972.0
5263152.0
3687072.0
7046988.0
3400512.0
6285216.0
3283500.0
42279.0
472530.0
2084935.0
2026905.0
1603286.0
1024644.0
1153968.0
167458.0
1284121.0
106941.0
1599970.0
1986284.0
1075213.0
1824629.0
1555204.0
1795614.0
4229276.0
3671856.0
1548916.0
5659592.0
3095460.0
180272.0
1352040.0
7021120.0
925080.0
3508188.0
2628176.0
5775820.0
4354992.0
6356960.0
6432864.0
5474576.0
377110.0
1600525.0
2088137.0
2292478.0
399912.0
813856.0
575312.0
432361.0
1507563.0
1307607.0
360447.0
2367023.0
1134838.0
406928.0
1904844.0
2582765.0
2829530.0
1286150.0
356574.0
2125252.0
5064770.0
4811088.0
2260076.0
977474.0
4578694.0
3003382.0
1772226.0
1949626.0
2983868.0
4858986.0
2739056.0
3721852.0
4637736.0
1766516.0
4801084.0
419316.0
801584.0
2940264.0
4486176.0
1099652.0
3844572.0
1779988.0
4811188.0
2118472.0
4023076.0
1001980.0
1948388.0
2138680.0
222549.0
151032.0
98580.0
188790.0
270909.0
103881.0
150660.0
22785.0
19995.0
37386.0
3069.0
146289.0
225804.0
22599.0
33108.0
256215.0
966301.0
5677867.0
2285630.0
751316.0
699267.0
6603434.0
6383923.0
6709795.0
3233827.0
2536823.0
2084223.0
425444.0
622325.0
3978354.0
2362572.0
1034191.0
2760192.0
1810944.0
4460544.0
6561792.0
1718784.0
6430464.0
472320.0
5356800.0
5773824.0
2105856.0
2062080.0
2626560.0
71424.0
2739456.0
4863744.0
1762560.0
813474.0
110355.0
3117266.0
917523.0
2790405.0
1717334.0
1222313.0
305841.0
943798.0
2252293.0
1552327.0
2821935.0
979532.0
1870780.0
3023727.0
2865026.0
3429045.0
3578370.0
2896905.0
6355815.0
7164885.0
1786470.0
1957515.0
1056135.0
2609115.0
3871590.0
4202820.0
1946655.0
2687850.0
7202895.0
3469770.0
4308705.0
1559750.0
1305052.0
711246.0
1224312.0
932914.0
840430.0
1178804.0
1123020.0
49912.0
468292.0
701704.0
190106.0
454346.0
1652234.0
907224.0
2191724.0
3954506.0
1513408.0
2211904.0
2117316.0
2539324.0
629374.0
807636.0
3799891.0
2559333.0
271031.0
1185988.0
1666204.0
5395154.0
3636181.0
169167.0
976803.0
7298500.0
5068250.0
3346750.0
2934250.0
310750.0
767250.0
4735500.0
5959250.0
2354000.0
6803500.0
6267250.0
4576000.0
7227000.0
3423750.0
7887000.0
7015250.0
5390280.0
4728213.0
5474259.0
2950983.0
5286771.0
4206762.0
814401.0
1333899.0
2128770.0
796824.0
632772.0
3150189.0
5300442.0
2060415.0
3031056.0
5021163.0
40689.0
978043.0
4245219.0
1844568.0
4038760.0
2421749.0
1690854.0
1754148.0
3354582.0
3255120.0
3671052.0
3678587.0
4311527.0
241120.0
3318414.0
691713.0
1147398.0
4758327.0
4231231.0
1573253.0
1290421.0
835640.0
4366219.0
2714223.0
2463531.0
2246586.0
2955273.0
3231677.0
744041.0
1030087.0
4748685.0
536738.0
2756550.0
59925.0
2372775.0
1753125.0
1959675.0
3548325.0
2502825.0
3823725.0
3415725.0
2625225.0
3465450.0
1612875.0
651525.0
2159850.0
1614150.0
2398275.0
886298.0
3174082.0
3084579.0
268509.0
152810.0
1742034.0
1423316.0
1495355.0
6138596.0
2364189.0
2936135.0
2274686.0
5049279.0
6044727.0
5154063.0
1405852.0
1593594.0
946242.0
4050324.0
193914.0
4337550.0
503010.0
3838914.0
3678534.0
701298.0
3464208.0
1284498.0
1232010.0
769824.0
2420280.0
2927664.0
4219452.0
382520.0
151960.0
4430420.0
3385040.0
1152800.0
2538780.0
3212120.0
2276780.0
7616340.0
7262640.0
3788520.0
544960.0
5143060.0
3316920.0
311780.0
6631220.0
1414898.0
2266700.0
1998275.0
3051694.0
178950.0
3371418.0
2720040.0
156283.0
3080326.0
632290.0
813626.0
1528233.0
3020676.0
1257422.0
380567.0
2047188.0
1559830.0
4386550.0
3370320.0
4243100.0
1301620.0
806340.0
705170.0
706680.0
3971300.0
1503960.0
2456770.0
1387690.0
3444310.0
534540.0
4374470.0
3294820.0
1054296.0
603288.0
1645920.0
1076976.0
1184544.0
931824.0
1323864.0
1336176.0
15552.0
1336176.0
1930392.0
699840.0
1273968.0
1337472.0
189864.0
1866240.0
297616.0
111568.0
176168.0
155800.0
303392.0
390184.0
58672.0
424080.0
256728.0
376960.0
46664.0
141664.0
263872.0
286216.0
164616.0
309016.0
3125876.0
1597154.0
2337686.0
205296.0
2241148.0
3237078.0
1740128.0
2792270.0
2860702.0
3663556.0
2281474.0
3449706.0
1890434.0
3448484.0
2145832.0
1787786.0
560342.0
2839586.0
334200.0
2027480.0
14482.0
2068698.0
2713704.0
2958784.0
2735984.0
725214.0
884516.0
519124.0
806536.0
2035278.0
1220944.0
3342000.0
74228.0
2605692.0
916764.0
2715588.0
1086428.0
2027292.0
2214308.0
513812.0
2019580.0
2869828.0
2331916.0
518632.0
2890072.0
2463984.0
610212.0
289200.0
2482726.0
4881335.0
1700183.0
5217803.0
7394649.0
183528.0
6946025.0
4190556.0
242155.0
7366610.0
5702113.0
2238022.0
3874480.0
6046228.0
3193897.0
2630568.0
2212780.0
5553278.0
7211530.0
4342914.0
4321586.0
5534616.0
7384820.0
7003582.0
927768.0
2047488.0
7232858.0
351912.0
223944.0
3812380.0
5649254.0
7622094.0
2930070.0
473330.0
2529670.0
4072640.0
161590.0
3718000.0
1122550.0
1121120.0
2759900.0
2309450.0
4174170.0
1458600.0
2139280.0
1125410.0
3452020.0
221650.0
45408.0
2348832.0
2116632.0
733752.0
957696.0
1201248.0
2106312.0
2659464.0
1120752.0
1916424.0
288960.0
1471632.0
1379784.0
2566584.0
1548000.0
1378752.0
5311678.0
4831722.0
5682778.0
6830714.0
2367618.0
4106840.0
6202318.0
2607596.0
1298850.0
4910890.0
2285976.0
5915334.0
4950474.0
3671416.0
314198.0
2234022.0
5580575.0
5016385.0
868362.0
382668.0
385121.0
6424407.0
78496.0
3309097.0
2735095.0
6809528.0
2345068.0
6495544.0
645139.0
3014737.0
6539698.0
6591211.0
960480.0
4226940.0
494730.0
3572820.0
422280.0
1146780.0
4986630.0
3369960.0
736920.0
3943350.0
4934880.0
5059080.0
3492090.0
2026530.0
4943160.0
246330.0
703080.0
6611220.0
3356640.0
923076.0
4588164.0
3674160.0
1009260.0
2363256.0
6599880.0
4046112.0
5427324.0
5735772.0
3095820.0
3724056.0
2481192.0
3093552.0
5910123.0
833346.0
1109055.0
126453.0
5329683.0
3675429.0
209373.0
2033613.0
3936627.0
1254165.0
3084624.0
5934999.0
5566005.0
2761236.0
2819280.0
1871919.0
74670.0
78090.0
253080.0
1685490.0
1292190.0
417810.0
1674090.0
554040.0
995220.0
841890.0
52440.0
999780.0
1297890.0
157320.0
1374840.0
531240.0
3272970.0
1572959.0
3565742.0
3435928.0
238913.0
3513264.0
1937543.0
947366.0
2628043.0
133957.0
1501147.0
2909767.0
2419512.0
2456799.0
243056.0
2755095.0
3053043.0
5064669.0
7260249.0
314502.0
7729035.0
5934000.0
436149.0
2231184.0
655707.0
6254436.0
2705904.0
5408841.0
3023373.0
4026219.0
6144657.0
5322798.0
6390104.0
4176820.0
5388959.0
5018643.0
1961383.0
241136.0
4583737.0
2430737.0
5223178.0
5115528.0
3688089.0
6314749.0
4743059.0
6398716.0
2411360.0
5974575.0
160080.0
255258.0
227505.0
249342.0
82128.0
172869.0
45762.0
121104.0
110142.0
66120.0
91350.0
222981.0
42108.0
165126.0
114492.0
79518.0
5455719.0
1191858.0
2669586.0
6324324.0
2999436.0
2449686.0
582735.0
6412284.0
916983.0
1666842.0
270477.0
6086832.0
4774029.0
5018118.0
5831748.0
492576.0
1188720.0
1456690.0
1467485.0
482600.0
1534160.0
889000.0
948055.0
224790.0
764540.0
749935.0
500380.0
1048385.0
510540.0
608965.0
1878965.0
1574800.0
689066.0
1950998.0
511280.0
619346.0
438074.0
1533840.0
3096730.0
2074170.0
818048.0
548464.0
26726.0
2400692.0
3015390.0
3433710.0
1421126.0
2361184.0
7514490.0
7370034.0
1675134.0
4403130.0
6606084.0
4455912.0
6547746.0
6247722.0
2847450.0
1000080.0
3278040.0
519486.0
4105884.0
8045088.0
5011512.0
6289392.0
2751948.0
253275.0
1878840.0
2005938.0
1658721.0
986391.0
275379.0
793902.0
2427756.0
1172433.0
2147772.0
1220325.0
1142040.0
2461833.0
485367.0
2192901.0
4249276.0
3986692.0
2015228.0
5301696.0
1354600.0
1490060.0
5539272.0
5953988.0
791920.0
1192048.0
4630648.0
1196216.0
2998876.0
2836324.0
4916156.0
4864056.0
3287806.0
358916.0
396162.0
1911397.0
1572797.0
4325615.0
844807.0
5075614.0
1041195.0
2324489.0
3607783.0
2161961.0
3138822.0
1249434.0
1405190.0
1154626.0
4699494.0
4348726.0
2853976.0
3942154.0
4358691.0
799193.0
1847511.0
1223702.0
5470785.0
5879350.0
805172.0
2903801.0
3288450.0
4555998.0
3417995.0
699543.0
2225775.0
1897440.0
1941690.0
2318700.0
598260.0
361080.0
827475.0
2489505.0
876150.0
1806285.0
568170.0
2377995.0
2194800.0
955800.0
135405.0
576135.0
939930.0
123675.0
151805.0
1374975.0
1164970.0
388970.0
711010.0
657660.0
1441420.0
272085.0
1437540.0
321555.0
851660.0
983095.0
546110.0
1127625.0
32450.0
81290.0
27830.0
329890.0
288530.0
64460.0
282590.0
32560.0
220660.0
270270.0
142890.0
168850.0
229020.0
18480.0
64570.0
185240.0
703082.0
2346400.0
1661754.0
1841924.0
175980.0
2348076.0
2511486.0
1829354.0
81286.0
269836.0
610902.0
1010628.0
858112.0
69554.0
933532.0
219556.0
954390.0
2746888.0
954390.0
77887.0
1472174.0
2215940.0
1182566.0
2300409.0
2511033.0
2903759.0
2734821.0
1036665.0
2607569.0
252310.0
1353698.0
1204506.0
1971935.0
3626610.0
2198940.0
724775.0
5229320.0
1455020.0
5133595.0
3818060.0
3752420.0
3227300.0
500505.0
6911345.0
6897670.0
3796180.0
5893925.0
6030675.0
5314584.0
5550006.0
4592082.0
1969968.0
2370456.0
530376.0
3642276.0
5514828.0
4602906.0
5349762.0
5717778.0
8009760.0
2189154.0
4648908.0
2316336.0
4218654.0
781884.0
616716.0
20646.0
518481.0
420579.0
686646.0
628038.0
793206.0
128205.0
432567.0
659007.0
738261.0
900432.0
370296.0
649683.0
172494.0
1705491.0
126735.0
2340373.0
2247434.0
749547.0
120700.0
2154495.0
2493662.0
642124.0
505733.0
1705491.0
792999.0
3298731.0
738684.0
475558.0
1584791.0
642600.0
684180.0
105840.0
315630.0
657720.0
495180.0
644490.0
235440.0
104760.0
618840.0
380160.0
116100.0
744120.0
91800.0
200880.0
185220.0
1254927.0
1534738.0
1373157.0
1078708.0
597906.0
1046054.0
1570770.0
1635515.0
1132756.0
378336.0
515708.0
422813.0
910371.0
948092.0
1006081.0
1105169.0
838812.0
662220.0
2706612.0
1547444.0
129048.0
2198344.0
1967416.0
825228.0
888620.0
2900184.0
301112.0
3163940.0
2863960.0
23772.0
457328.0
198100.0
1446240.0
678580.0
975295.0
470945.0
1794045.0
445400.0
1397770.0
832505.0
879665.0
1160660.0
1410870.0
199120.0
1264150.0
734255.0
79255.0
1913255.0
960993.0
2829123.0
2218194.0
1472625.0
23562.0
2053260.0
75735.0
1551726.0
2766852.0
82467.0
2539647.0
4879017.0
4172157.0
2405007.0
733788.0
483021.0
883350.0
1318050.0
1089450.0
55350.0
481950.0
1149750.0
729450.0
957600.0
282150.0
196200.0
23400.0
995850.0
469800.0
767250.0
1334700.0
795150.0
1304346.0
2267184.0
2547006.0
2405754.0
2105370.0
773310.0
1002174.0
1995408.0
2647134.0
2658756.0
1528740.0
911880.0
1256964.0
1974846.0
106386.0
2375358.0
291200.0
95056.0
68224.0
145392.0
144560.0
384384.0
249392.0
534144.0
165360.0
281840.0
262288.0
292240.0
341536.0
144560.0
510640.0
145184.0
1224585.0
3508740.0
2188620.0
628215.0
8146530.0
3916935.0
4681215.0
2408640.0
1725420.0
5202315.0
3080280.0
4513305.0
2327580.0
2515755.0
6716400.0
7943880.0
185148.0
1939050.0
1077111.0
1256004.0
2089170.0
3363939.0
350280.0
1446156.0
1553742.0
357786.0
601731.0
1884006.0
1662579.0
477882.0
2822256.0
645516.0
685764.0
1095539.0
462492.0
758859.0
869609.0
77968.0
387625.0
625516.0
344211.0
1251475.0
194920.0
529385.0
34111.0
9303.0
142646.0
40313.0
7657335.0
1617899.0
3781400.0
7025301.0
6398669.0
2363375.0
6944271.0
3022419.0
1788062.0
3133160.0
2474116.0
6441885.0
3900244.0
3854327.0
1245161.0
526695.0
1087122.0
915342.0
309204.0
2877315.0
958287.0
1219638.0
1395099.0
2063814.0
496935.0
134970.0
765648.0
1985286.0
2723940.0
1182828.0
2878542.0
2928849.0
241560.0
7442732.0
3945480.0
3346948.0
480436.0
7152860.0
5875276.0
958188.0
1680184.0
4200460.0
5096916.0
2418284.0
365024.0
3701236.0
3846172.0
6251036.0
1480896.0
583200.0
587520.0
2304288.0
200448.0
2248992.0
1119744.0
847584.0
637632.0
1499904.0
1442880.0
2371680.0
1663200.0
1389312.0
1883520.0
1746144.0
6975228.0
6984024.0
1202120.0
7441416.0
5374356.0
4225012.0
1811976.0
4181032.0
2442356.0
5400744.0
1855956.0
806300.0
1712288.0
3025824.0
4063752.0
2005488.0
1448658.0
4142745.0
743436.0
1436499.0
4865337.0
4347711.0
423828.0
1585881.0
217125.0
3161340.0
3718917.0
1617147.0
4941765.0
340452.0
1908963.0
441198.0
6799688.0
8826832.0
878528.0
8064056.0
8233232.0
6048784.0
563920.0
7437808.0
2472344.0
7390320.0
2451568.0
1611624.0
1427608.0
3439912.0
8150128.0
6648320.0
4240200.0
318970.0
467950.0
4322330.0
1199480.0
3439910.0
4584000.0
3227900.0
1669340.0
4091220.0
3808540.0
2622430.0
641760.0
1487890.0
2851630.0
4690960.0
953325.0
307800.0
1005100.0
645050.0
246525.0
1308625.0
256500.0
1113875.0
633175.0
312550.0
69825.0
974700.0
508250.0
845500.0
146775.0
1291525.0
4231500.0
409500.0
2796500.0
2675750.0
3101000.0
2196250.0
969500.0
3746750.0
808500.0
827750.0
1958250.0
4989250.0
4453750.0
2133250.0
1645000.0
4215750.0
5302080.0
8455680.0
8510400.0
5685120.0
3522240.0
3496320.0
2491200.0
5978880.0
4541760.0
5106240.0
3291840.0
5898240.0
2822400.0
6364800.0
1224000.0
1468800.0
3224580.0
231474.0
1684542.0
2083266.0
1442364.0
2669310.0
776040.0
2382978.0
89646.0
3019866.0
3449364.0
1916016.0
272952.0
1934748.0
713154.0
3687528.0
363341.0
221969.0
70312.0
204204.0
308737.0
46563.0
437019.0
264231.0
235059.0
310981.0
384846.0
207196.0
444125.0
420189.0
155584.0
476102.0
924042.0
731276.0
140287.0
1007391.0
704179.0
313845.0
728189.0
791987.0
935018.0
922670.0
435953.0
318990.0
669193.0
812567.0
808108.0
424291.0
560875.0
1387124.0
1317255.0
344858.0
1363407.0
493570.0
620488.0
919194.0
503185.0
1049317.0
1805056.0
1717239.0
1441609.0
44870.0
1137775.0
511518.0
747840.0
2231360.0
3786320.0
3888160.0
3655600.0
2044400.0
2118880.0
624720.0
3568960.0
3078000.0
1410560.0
1012320.0
2947280.0
2140160.0
310080.0
38000.0
1806853.0
1232857.0
3118403.0
2032131.0
2169458.0
3720173.0
607942.0
4588882.0
958203.0
1188110.0
2021330.0
893397.0
989063.0
3410030.0
842478.0
46290.0
461320.0
981920.0
801420.0
554420.0
360240.0
544920.0
17860.0
237880.0
446500.0
511480.0
390260.0
1097060.0
440420.0
473860.0
824600.0
423320.0
176778.0
2460801.0
322812.0
1199016.0
3550932.0
1333521.0
3527874.0
1748565.0
2747745.0
413763.0
3278079.0
2269932.0
421449.0
329217.0
1789557.0
3082086.0
678146.0
1166641.0
508199.0
415426.0
1238068.0
1111634.0
2308652.0
1541838.0
1967937.0
1136264.0
2189607.0
1394879.0
318548.0
1197018.0
625602.0
2132958.0
936103.0
202526.0
558106.0
1515080.0
1859838.0
593664.0
2112609.0
1301732.0
136821.0
1368983.0
549603.0
1682048.0
121361.0
838705.0
1696735.0
1590834.0
2244242.0
4993846.0
7852130.0
1869296.0
7458165.0
5838833.0
5863286.0
510796.0
3760328.0
5713851.0
3078361.0
5656794.0
1719861.0
1882881.0
1304160.0
7325032.0
101400.0
1768000.0
1166750.0
1851850.0
514800.0
1625000.0
1330550.0
1818050.0
208650.0
24700.0
1052350.0
1394250.0
781950.0
345800.0
1472900.0
367900.0
678240.0
973080.0
246600.0
723240.0
51840.0
996120.0
23400.0
439920.0
281520.0
836640.0
977400.0
936720.0
725760.0
862560.0
881280.0
853920.0
270608.0
1157890.0
5040074.0
7384476.0
5362722.0
4020090.0
2508328.0
7322028.0
5279458.0
5914346.0
2013948.0
5170174.0
4673192.0
3226480.0
5131144.0
746774.0
430848.0
44288.0
643072.0
299008.0
232448.0
50176.0
237568.0
535040.0
375040.0
29184.0
582400.0
107776.0
744704.0
547328.0
251136.0
181760.0
541730.0
1463665.0
752458.0
1075508.0
1320529.0
637154.0
1164471.0
863786.0
417977.0
528311.0
562604.0
1282260.0
400582.0
647094.0
360325.0
727111.0
1582185.0
1805185.0
2542200.0
617710.0
1233190.0
2130765.0
2302475.0
1082665.0
2416205.0
2868895.0
276520.0
1470685.0
398055.0
406975.0
2983740.0
974510.0
471448.0
211011.0
4581410.0
195803.0
444834.0
1454265.0
4587113.0
2899025.0
4883669.0
374497.0
427725.0
1243254.0
693865.0
490458.0
2956055.0
4965412.0
6314820.0
526440.0
4487040.0
5967960.0
5778540.0
3793320.0
6036840.0
7352940.0
3116820.0
83640.0
2969220.0
5505480.0
204180.0
4602660.0
4981500.0
2627280.0
7923920.0
7989040.0
2163760.0
503200.0
7272720.0
985680.0
2779440.0
3655600.0
2157840.0
5180000.0
645280.0
1388240.0
4937280.0
1207680.0
994560.0
287120.0
924940.0
1088092.0
703696.0
849544.0
976440.0
660848.0
179632.0
113712.0
735008.0
1069552.0
1013108.0
512528.0
252144.0
407880.0
372448.0
926588.0
1635613.0
1119546.0
3165323.0
2504690.0
3451093.0
1232173.0
1011962.0
3536824.0
2913173.0
1491047.0
4400858.0
4247887.0
1869272.0
1311180.0
3161961.0
245426.0
2779472.0
523488.0
4162976.0
509466.0
3435390.0
1364808.0
4036778.0
1900760.0
1651480.0
3502384.0
1408432.0
2700014.0
1713800.0
704216.0
3485246.0
4331240.0
1609821.0
2987145.0
3475683.0
7707717.0
2375001.0
1515645.0
3181383.0
3508056.0
8596503.0
7919613.0
5641731.0
6256818.0
6156756.0
1038879.0
4267350.0
4367412.0
1585620.0
3447000.0
3479555.0
2443540.0
951755.0
817705.0
4814310.0
708550.0
2807390.0
4015755.0
3021870.0
4255130.0
746850.0
2830370.0
1798185.0
614715.0
727974.0
1282242.0
1035606.0
1177488.0
220116.0
1815294.0
193596.0
3596112.0
1402908.0
3688932.0
2206464.0
2214420.0
3920982.0
2966262.0
1409538.0
2472990.0
1084281.0
1374329.0
2757722.0
252659.0
2395162.0
858814.0
1071818.0
2602501.0
2970726.0
1934031.0
1982750.0
3166735.0
1012902.0
235664.0
2645555.0
1065020.0
398860.0
112210.0
219520.0
1198540.0
965790.0
401800.0
714910.0
656110.0
36260.0
265090.0
253330.0
1299480.0
304780.0
1255380.0
1413160.0
1093190.0
1403689.0
2918551.0
597425.0
1185499.0
1052507.0
2866601.0
402093.0
2065532.0
1283165.0
144421.0
2924785.0
689896.0
1837991.0
721066.0
1750715.0
358455.0
8052308.0
2830322.0
6686042.0
8183626.0
8284210.0
4224528.0
5221986.0
2894584.0
150876.0
1818894.0
5484622.0
1687576.0
1464056.0
8175244.0
2425192.0
3936746.0
1195000.0
1021000.0
930500.0
1064500.0
791000.0
341500.0
1476500.0
72500.0
695500.0
666500.0
816500.0
1192000.0
1013500.0
886000.0
436500.0
1438000.0
5240004.0
1641808.0
3750992.0
5308912.0
5171096.0
4964372.0
8625484.0
6977684.0
6120828.0
7250320.0
2717372.0
7843528.0
8086204.0
1471036.0
8880144.0
8182076.0
804693.0
2119476.0
755766.0
324792.0
1224216.0
2679534.0
191544.0
1352259.0
2003925.0
128043.0
325833.0
324792.0
1831119.0
2171526.0
1638534.0
1917522.0
4187600.0
2305840.0
3157040.0
857280.0
2532320.0
1026000.0
18240.0
3535520.0
3628240.0
3789360.0
4442960.0
1630960.0
3789360.0
2210080.0
2480640.0
3880560.0
2727225.0
3538550.0
2692035.0
215050.0
3487720.0
5511145.0
3399745.0
2907085.0
846515.0
2588420.0
2441795.0
1947180.0
4273630.0
4111365.0
564995.0
2246295.0
2194192.0
2479477.0
169169.0
2927925.0
1767766.0
994994.0
583583.0
245245.0
2037035.0
153153.0
2727725.0
1159158.0
2355353.0
4004.0
1380379.0
1096095.0
3926012.0
2758016.0
8770372.0
520100.0
5756764.0
1046144.0
1899108.0
4300484.0
4562020.0
573596.0
448772.0
4704676.0
4015172.0
4532300.0
231816.0
4859220.0
5521968.0
3520502.0
4896046.0
460164.0
289458.0
4772346.0
6504146.0
5212718.0
593760.0
2941586.0
4987584.0
922802.0
1130618.0
1857974.0
2857470.0
1189994.0
2986952.0
3037606.0
2467340.0
3630748.0
2771264.0
3490224.0
1973872.0
4642194.0
1651974.0
1202624.0
1671582.0
3147084.0
3926502.0
4083366.0
289218.0
2181390.0
822096.0
1088208.0
4344912.0
2356992.0
2857536.0
2151072.0
3792096.0
641520.0
3415104.0
3655872.0
2998512.0
4094640.0
1091376.0
1045440.0
79200.0
2591424.0
1024384.0
667376.0
820864.0
576216.0
1221120.0
803056.0
740304.0
301464.0
733096.0
1114272.0
1052792.0
893792.0
166632.0
873440.0
1054064.0
1189320.0
2189123.0
296742.0
4294950.0
2962214.0
5203397.0
3862852.0
4232478.0
1952250.0
6655871.0
6088417.0
1067230.0
1246837.0
2222962.0
1785658.0
75487.0
7400329.0
1640412.0
1362252.0
957456.0
1991040.0
1778760.0
1475712.0
147132.0
830820.0
1262700.0
1699704.0
1201212.0
1316136.0
279624.0
835212.0
509472.0
106872.0
4627536.0
964176.0
4128912.0
6080160.0
5049840.0
3088416.0
5902080.0
4584288.0
6810288.0
4429104.0
880224.0
371424.0
5220288.0
5014224.0
6370176.0
3991536.0
1783950.0
64050.0
1489950.0
2035950.0
1374450.0
2326800.0
2679600.0
180600.0
2741550.0
761250.0
1852200.0
1680000.0
122850.0
1095150.0
1180200.0
2310000.0
517275.0
357555.0
1419330.0
545710.0
667315.0
1626845.0
1196085.0
283745.0
320650.0
623150.0
455565.0
401115.0
753830.0
303710.0
744150.0
263780.0
3252870.0
579510.0
1884465.0
6101775.0
1137870.0
4052340.0
2326500.0
1137870.0
48645.0
2592990.0
4316715.0
4987170.0
1021545.0
3468600.0
3870450.0
704295.0
1162420.0
1420250.0
1970870.0
2067884.0
234232.0
2483908.0
2112458.0
1212238.0
1586310.0
1114350.0
2604520.0
1938532.0
497306.0
1889588.0
1940280.0
1104736.0
7073738.0
990622.0
933375.0
6434065.0
159296.0
3698654.0
4203921.0
851238.0
5368773.0
4410508.0
7354995.0
6399219.0
2496467.0
6453977.0
2394418.0
6381796.0
2463904.0
1159117.0
5766451.0
3702099.0
5019372.0
305907.0
2688652.0
1017609.0
2345287.0
5824719.0
4973590.0
4975671.0
4428368.0
3456541.0
2411879.0
1662719.0
3199200.0
4389600.0
1157850.0
2176200.0
2362200.0
3712250.0
4109050.0
747100.0
3262750.0
85250.0
2365300.0
1271000.0
4628300.0
995100.0
4530650.0
3707600.0
3068200.0
2411872.0
1325996.0
109388.0
6032348.0
3801900.0
4175420.0
5274636.0
2347840.0
4586292.0
562948.0
6128396.0
5528096.0
2393196.0
1430048.0
763048.0
3158640.0
172200.0
4821600.0
4634640.0
711760.0
4406680.0
2212360.0
3470240.0
4616600.0
1141440.0
4405040.0
1187360.0
1489120.0
3698200.0
3381680.0
1521920.0
3475428.0
745134.0
1259598.0
1269384.0
3500592.0
335520.0
2440908.0
1533606.0
979998.0
2770836.0
2749866.0
3932574.0
452952.0
1045704.0
489300.0
3380364.0
8100.0
1692.0
8660.0
10680.0
2484.0
1432.0
3856.0
8540.0
10224.0
7976.0
896.0
8768.0
560.0
6636.0
12000.0
3764.0
2485521.0
2617125.0
2476548.0
1155523.0
1479548.0
2803564.0
563305.0
2061796.0
2114637.0
366896.0
1793603.0
253238.0
1293109.0
861408.0
457623.0
1657014.0
7705170.0
686895.0
4827270.0
78735.0
241635.0
1487820.0
7808340.0
2082405.0
7194750.0
1547550.0
6206490.0
5679780.0
6163050.0
1878780.0
830790.0
5853540.0
389760.0
926800.0
1066800.0
855120.0
1600480.0
958720.0
718480.0
1410080.0
1277920.0
413280.0
764960.0
1393840.0
744800.0
838880.0
1570800.0
1531040.0
3607797.0
2964192.0
2338632.0
763905.0
2553969.0
3074868.0
415035.0
163608.0
1354578.0
552177.0
816837.0
1390668.0
431877.0
2171415.0
350073.0
3053214.0
6182284.0
3350596.0
4019776.0
1838484.0
5712684.0
4306232.0
4768788.0
1321924.0
251236.0
1293748.0
3719232.0
5884088.0
6865552.0
6419432.0
934504.0
6569704.0
2788326.0
3888981.0
5020407.0
2809629.0
3614409.0
5936436.0
7041825.0
1131426.0
2909043.0
1725543.0
4762404.0
6293853.0
26037.0
3335103.0
882891.0
6080823.0
5161725.0
36450.0
58725.0
2843100.0
2792475.0
2083725.0
4096575.0
291600.0
4195800.0
3424275.0
3227850.0
607500.0
3211650.0
3790800.0
2255850.0
4750650.0
716186.0
5263342.0
4206030.0
4075652.0
1243056.0
3484486.0
5045450.0
3482700.0
973370.0
1744922.0
962654.0
3209442.0
3652370.0
1837794.0
4681106.0
2212854.0
6696963.0
3002328.0
4860135.0
5748246.0
2806524.0
4279716.0
738927.0
4118877.0
86247.0
4298364.0
1694637.0
5006988.0
4123539.0
1333332.0
1993005.0
631701.0
1011563.0
2754089.0
2258830.0
2002081.0
2641849.0
2222352.0
1576972.0
3527142.0
3635173.0
3936818.0
425109.0
3748816.0
294630.0
2848090.0
817949.0
930189.0
483258.0
3233178.0
1639842.0
3307992.0
4401894.0
252750.0
1888548.0
691524.0
3261486.0
4195650.0
1688370.0
3053220.0
3097704.0
4460532.0
645018.0
645018.0
2369065.0
2412025.0
343680.0
955860.0
1105325.0
1292380.0
1671860.0
1904560.0
2216020.0
2123835.0
1714820.0
334730.0
1701395.0
449290.0
414385.0
1214515.0
1054485.0
1863405.0
6433803.0
2334312.0
1262493.0
5252202.0
826254.0
4576176.0
7505622.0
1750734.0
3981042.0
872478.0
5454432.0
7398729.0
2839887.0
4553064.0
1790590.0
1871420.0
1109015.0
147275.0
96585.0
832960.0
1587145.0
1448775.0
1787850.0
1387125.0
1095315.0
24660.0
884335.0
335650.0
521285.0
584990.0
537680.0
2577120.0
508560.0
1662960.0
2418000.0
2329600.0
375440.0
724880.0
1766960.0
2895360.0
541840.0
714480.0
2621840.0
2981680.0
2973360.0
1436240.0
1202422.0
334750.0
7514468.0
4841824.0
4252664.0
7428772.0
2747628.0
1154218.0
3875066.0
2201316.0
5232812.0
6890494.0
2782442.0
4322292.0
3063632.0
5409560.0
2636222.0
3297214.0
4115708.0
7518784.0
2264414.0
5667490.0
914028.0
6168398.0
2375440.0
2638804.0
4366162.0
1851294.0
7606572.0
1667972.0
2703354.0
6160652.0
546620.0
4342190.0
2211820.0
4423640.0
3846250.0
888710.0
4691520.0
3735840.0
139370.0
4360290.0
2367480.0
5165740.0
1285100.0
792780.0
3433570.0
38010.0
1182016.0
750002.0
1786675.0
415151.0
892936.0
770077.0
223234.0
1972168.0
1471899.0
1171577.0
2290156.0
994114.0
230461.0
1464672.0
2375274.0
516329.0
514410.0
1065870.0
647790.0
1010490.0
506610.0
235170.0
983970.0
653250.0
911820.0
61230.0
648180.0
934050.0
1058850.0
186420.0
1085760.0
613080.0
427551.0
469050.0
50085.0
337398.0
322134.0
10176.0
23055.0
326586.0
60102.0
102237.0
320703.0
94764.0
349323.0
434229.0
32754.0
178875.0
41756.0
787930.0
821678.0
420134.0
554554.0
281996.0
473330.0
826540.0
185328.0
242242.0
598884.0
370370.0
291434.0
288860.0
626912.0
525382.0
4965954.0
7296912.0
261366.0
5176647.0
5248656.0
7195566.0
7998333.0
3168396.0
7443597.0
4573905.0
6392799.0
6344793.0
106680.0
5814060.0
3736467.0
7942326.0
497250.0
162350.0
43350.0
405025.0
238000.0
446675.0
1264800.0
963475.0
1205725.0
89250.0
829175.0
1101175.0
408425.0
518925.0
1090975.0
657900.0
733554.0
468120.0
132468.0
444216.0
59262.0
195465.0
249747.0
395661.0
222108.0
178782.0
22908.0
179529.0
156123.0
358311.0
624492.0
537840.0
3216984.0
1872220.0
893192.0
3682240.0
466500.0
2990576.0
3146076.0
2877372.0
939220.0
3515544.0
2285228.0
1192996.0
1485336.0
2116044.0
2725604.0
2583788.0
1738352.0
2624875.0
2333628.0
774224.0
503063.0
29216.0
125994.0
2195765.0
2167462.0
855481.0
177122.0
2717088.0
1332067.0
518584.0
1214290.0
2390234.0
2908864.0
1024233.0
785351.0
901621.0
705019.0
3077984.0
3136119.0
2731288.0
363608.0
816004.0
2541028.0
78218.0
2640386.0
1577044.0
2761941.0
1636236.0
1099644.0
1517178.0
2776670.0
595296.0
2612688.0
1958138.0
573248.0
1433120.0
208078.0
2710526.0
2761512.0
3378856.0
3873558.0
3586934.0
1014208.0
534664.0
629845.0
956355.0
385220.0
266770.0
787435.0
1307070.0
180250.0
1406980.0
1013005.0
529420.0
1022275.0
834815.0
850780.0
1499680.0
332175.0
884770.0
1215378.0
1626894.0
3169440.0
824310.0
1007064.0
2947068.0
1678014.0
1403244.0
2356632.0
2295288.0
844758.0
872874.0
1155312.0
1099080.0
2130426.0
759132.0
1977486.0
2543916.0
4201620.0
464616.0
1727970.0
4221696.0
691188.0
552090.0
3813006.0
1256184.0
1983222.0
3045816.0
2552520.0
3434430.0
610884.0
1304940.0
1549613.0
1146041.0
1746225.0
7396233.0
6788288.0
6470087.0
1202955.0
6126016.0
7059923.0
6635655.0
3396731.0
98306.0
6677047.0
3722693.0
4234919.0
4428944.0
3093664.0
5165314.0
3004879.0
1874350.0
5512562.0
1665212.0
1085150.0
2628036.0
5591482.0
5686186.0
1947351.0
3981514.0
1008203.0
1487642.0
1045690.0
3141016.0
239158.0
1417345.0
915356.0
381803.0
722937.0
1476224.0
497133.0
1507788.0
812166.0
1742090.0
381803.0
1294124.0
572401.0
1232817.0
409118.0
1628581.0
980310.0
1448940.0
1242915.0
667890.0
415740.0
666045.0
403440.0
1637745.0
1485225.0
389910.0
594705.0
848700.0
1786575.0
1083015.0
693105.0
73800.0
419980.0
3149850.0
3419295.0
2691920.0
3043590.0
799480.0
156860.0
521180.0
1583780.0
2794385.0
104995.0
919655.0
1579985.0
1459810.0
2074600.0
1392765.0
1192364.0
451820.0
1240852.0
2453052.0
4161152.0
1148284.0
4024504.0
4743008.0
824296.0
6592164.0
3475708.0
1033676.0
6270380.0
678832.0
3821736.0
1855768.0
5671094.0
2448368.0
3354182.0
2021136.0
4995328.0
3058406.0
1035216.0
3522610.0
1333046.0
5282888.0
382044.0
5496504.0
2957760.0
825708.0
5736822.0
303992.0
6631020.0
4182255.0
6131730.0
723690.0
6064410.0
6715170.0
4042005.0
7926930.0
4291650.0
5422065.0
7419225.0
1467015.0
1859715.0
3542715.0
5301450.0
521730.0
5349679.0
1780801.0
2208266.0
5427896.0
1560702.0
798541.0
4851273.0
2351967.0
1582530.0
5316937.0
2246465.0
5382421.0
4116397.0
751247.0
818550.0
3978153.0
3866103.0
6855774.0
6472335.0
3938178.0
3819975.0
8401062.0
4151520.0
1063827.0
5861139.0
5353731.0
4534959.0
4609917.0
11532.0
4099626.0
1571235.0
3197247.0
396180.0
1154130.0
602640.0
303645.0
334800.0
523590.0
1109025.0
1163430.0
1279680.0
167865.0
172980.0
864435.0
860715.0
616125.0
721215.0
1219230.0
441522.0
1871950.0
888208.0
395046.0
4580468.0
7387102.0
5486750.0
7170214.0
3940132.0
1936500.0
4314522.0
4482352.0
3573488.0
547384.0
5796590.0
1355550.0
721580.0
575940.0
400510.0
112540.0
114526.0
1950252.0
1761582.0
1261772.0
863910.0
393228.0
1821162.0
628238.0
1260448.0
899658.0
39058.0
170134.0
4033198.0
4231552.0
2296329.0
5551369.0
203440.0
1055345.0
4236638.0
485713.0
5363187.0
6306640.0
1134178.0
1424080.0
116978.0
1726697.0
414509.0
4597744.0
2187804.0
2815364.0
4656928.0
4685060.0
6398948.0
2490764.0
6344848.0
3458072.0
1417420.0
5269340.0
3590076.0
4414560.0
937012.0
6264780.0
4561712.0
2218100.0
1092341.0
2906928.0
4376093.0
365609.0
2673656.0
2736460.0
4997404.0
746919.0
5369742.0
4782076.0
2094962.0
2718516.0
240001.0
865798.0
2330477.0
1007107.0
6369468.0
2500572.0
3036900.0
165024.0
4522116.0
1705248.0
4221864.0
4116432.0
5179920.0
1391244.0
2642676.0
4716936.0
811368.0
1395828.0
1971120.0
5079072.0
2078964.0
473688.0
3901347.0
6089961.0
3879417.0
3822399.0
5980311.0
5072409.0
3247833.0
1890366.0
4254420.0
6140400.0
5021970.0
2245632.0
3763188.0
5587764.0
1239510.0
354594.0
1733745.0
3826791.0
2499417.0
4234731.0
254178.0
1396410.0
1904766.0
268299.0
3701271.0
911589.0
4518720.0
4507737.0
1004160.0
4575204.0
2153230.0
3640676.0
2334207.0
495375.0
3033016.0
1540286.0
3685590.0
2586518.0
1582558.0
2546888.0
722587.0
653895.0
2113600.0
219286.0
3064720.0
1233814.0
6321888.0
7631172.0
7902360.0
8488476.0
1108080.0
5394600.0
8240616.0
4464396.0
2399868.0
3665412.0
1539648.0
5543316.0
7671996.0
288684.0
2974320.0
7324992.0
3248705.0
2537713.0
1353527.0
2343151.0
595696.0
3568171.0
718198.0
3526136.0
2648205.0
1767872.0
853911.0
843102.0
3018113.0
1220216.0
361501.0
1058081.0
2612400.0
3855600.0
232400.0
750400.0
2514400.0
994000.0
3236800.0
1464400.0
6868400.0
5443200.0
4726400.0
5731600.0
7957600.0
6053600.0
478800.0
3472000.0
692750.0
1269770.0
573760.0
4873700.0
3934820.0
3851690.0
3408330.0
1908730.0
2220060.0
2598220.0
1258360.0
1890800.0
1732690.0
2430330.0
1656080.0
3056250.0
1592850.0
1525200.0
2724450.0
446900.0
4788800.0
1426800.0
1273050.0
2029500.0
118900.0
5858900.0
4583800.0
276750.0
5079900.0
1845000.0
1088550.0
4542800.0
6740766.0
2334012.0
1849211.0
6360473.0
4519971.0
2839134.0
5321199.0
290300.0
6877207.0
7666823.0
5454737.0
4279022.0
1976943.0
4252895.0
6142748.0
4154193.0
26649.0
83106.0
486.0
199908.0
223074.0
97038.0
159489.0
4617.0
92988.0
193347.0
109431.0
99225.0
121014.0
235467.0
1782.0
40500.0
2511160.0
2537960.0
5689640.0
2034120.0
648560.0
485080.0
4084320.0
7388760.0
404680.0
410040.0
4960680.0
6903680.0
2446840.0
3620680.0
769160.0
6539200.0
35625.0
38190.0
117515.0
108585.0
119605.0
54055.0
166725.0
187530.0
71250.0
215745.0
100795.0
142880.0
106210.0
246715.0
256975.0
112575.0
77080.0
86961.0
9676.0
11562.0
74497.0
55678.0
36367.0
48052.0
95366.0
116727.0
61213.0
111766.0
85403.0
13120.0
95571.0
95981.0
905168.0
2021976.0
1414732.0
2258036.0
1667072.0
1573462.0
795278.0
2203498.0
1982090.0
360602.0
1115180.0
358160.0
185592.0
1266584.0
135938.0
1414732.0
81172.0
94276.0
151970.0
170625.0
56511.0
207571.0
7280.0
203476.0
70889.0
161434.0
132405.0
170261.0
156156.0
125398.0
81991.0
40677.0
874139.0
691372.0
993227.0
1983146.0
1472060.0
2452882.0
1671367.0
551609.0
2144411.0
789785.0
2020361.0
905565.0
272083.0
2418975.0
620250.0
749262.0
2387880.0
293436.0
2504304.0
3201660.0
629640.0
755568.0
77220.0
3221856.0
3452328.0
1742796.0
2194236.0
493020.0
855360.0
864864.0
115236.0
2930796.0
876456.0
3395280.0
3598602.0
4869858.0
1729224.0
4500720.0
5156088.0
2262204.0
2185218.0
1470630.0
5043570.0
5541018.0
1966104.0
39480.0
426384.0
929754.0
1475740.0
1356635.0
513023.0
544978.0
1225329.0
386946.0
435750.0
4067.0
761691.0
1311317.0
1120168.0
406700.0
261450.0
1467025.0
345695.0
891254.0
395370.0
97983.0
542249.0
356215.0
558293.0
308274.0
261479.0
193292.0
167507.0
240660.0
525250.0
344755.0
2674.0
500611.0
218886.0
340171.0
3400215.0
1669863.0
4468854.0
2857647.0
2936466.0
1948479.0
3704493.0
2731170.0
335439.0
3775980.0
2711007.0
4340544.0
1316094.0
5027919.0
5290038.0
4857450.0
2896560.0
2094660.0
515160.0
4048380.0
4662360.0
3029400.0
4578120.0
165240.0
2349000.0
2418660.0
2917620.0
2702160.0
1513080.0
1963440.0
388800.0
4143960.0
4318080.0
3650400.0
1411800.0
1589640.0
3837600.0
3428880.0
2870400.0
3116880.0
642720.0
3246360.0
1057680.0
3444480.0
2971800.0
1110720.0
1433640.0
1118520.0
4581192.0
4757201.0
3842450.0
6420610.0
5890104.0
4962958.0
1331223.0
5974390.0
2241016.0
5696742.0
2575681.0
2917783.0
1998074.0
6418131.0
3919299.0
6462753.0
1631855.0
1034487.0
6712.0
827254.0
1235008.0
500883.0
198004.0
1429656.0
2150357.0
787821.0
56213.0
1670449.0
2140289.0
1401130.0
2250198.0
907798.0
